********************************************************************************
STREME - Sensitive, Thorough, Rapid, Enriched Motif Elicitation
********************************************************************************
MEME version 5.5.5 (Release date: Thu Sep 14 08:48:04 2023 +1000)

For further information on how to interpret these results please access https://meme-suite.org/meme.
To get a copy of the MEME Suite software please access https://meme-suite.org.

********************************************************************************


********************************************************************************
REFERENCE
********************************************************************************
If you use this program in your research, please cite:

Timothy L. Bailey,
"STREME: accurate and versatile sequence motif discovery",
Bioinformatics, Mar. 24, 2021.
********************************************************************************


ALPHABET= ACGT

strands: + -

Background letter frequencies
A 0.307 C 0.193 G 0.193 T 0.307 

MOTIF 1-TRCACTGAGAGAAAWD STREME-1
letter-probability matrix: alength= 4 w= 16 nsites= 150 E= 1.1e-002
 0.084141 0.056083 0.070055 0.789721
 0.559185 0.000195 0.440310 0.000310
 0.000310 0.999185 0.000195 0.000310
 0.999300 0.000195 0.000195 0.000310
 0.000310 0.999185 0.000195 0.000310
 0.077155 0.063069 0.097998 0.761778
 0.028254 0.049097 0.859466 0.063183
 0.650003 0.160872 0.104984 0.084141
 0.244818 0.056083 0.656874 0.042225
 0.873553 0.104984 0.021153 0.000310
 0.300705 0.014167 0.684818 0.000310
 0.964370 0.035125 0.000195 0.000310
 0.971356 0.007181 0.000195 0.021268
 0.957384 0.014167 0.028139 0.000310
 0.405495 0.132928 0.042111 0.419466
 0.370565 0.056083 0.223745 0.349607

MOTIF 2-AATATATTTAAWWTTWWW STREME-2
letter-probability matrix: alength= 4 w= 18 nsites= 220 E= 1.4e-002
 0.827392 0.005203 0.000141 0.167263
 0.786898 0.005203 0.000141 0.207757
 0.066028 0.010265 0.040636 0.883072
 0.729120 0.000141 0.172242 0.098496
 0.000224 0.030512 0.010265 0.958998
 0.886035 0.000141 0.005203 0.108620
 0.152078 0.010265 0.005203 0.832454
 0.091336 0.020389 0.101377 0.786898
 0.147016 0.000141 0.000141 0.852701
 0.665415 0.060883 0.030512 0.243190
 0.746404 0.020389 0.005203 0.228004
 0.339364 0.040636 0.081130 0.538871
 0.511464 0.005203 0.030512 0.452821
 0.222943 0.000141 0.020389 0.756527
 0.290844 0.005203 0.076068 0.627885
 0.339364 0.065945 0.040636 0.554056
 0.344425 0.060883 0.055821 0.538871
 0.346523 0.020389 0.030512 0.602576

MOTIF 3-CAACAACARCAACAACRRC STREME-3
letter-probability matrix: alength= 4 w= 19 nsites= 132 E= 6.4e-002
 0.099465 0.831357 0.030714 0.038464
 0.861983 0.045964 0.053589 0.038464
 0.793356 0.015463 0.160342 0.030839
 0.076590 0.877108 0.030714 0.015588
 0.900108 0.023089 0.030714 0.046089
 0.724729 0.114591 0.091715 0.068965
 0.076590 0.777981 0.015463 0.129966
 0.861983 0.061214 0.007838 0.068965
 0.457848 0.030714 0.442473 0.068965
 0.091840 0.709354 0.091715 0.107091
 0.625602 0.053589 0.236593 0.084215
 0.602727 0.053589 0.206093 0.137591
 0.129966 0.724604 0.045964 0.099465
 0.648478 0.175592 0.137466 0.038464
 0.625602 0.076465 0.198468 0.099465
 0.183342 0.617852 0.099340 0.099465
 0.457848 0.091715 0.305220 0.145216
 0.541725 0.091715 0.289970 0.076590
 0.183342 0.610227 0.084090 0.122341

MOTIF 4-GCACAGTGGGMCMAR STREME-4
letter-probability matrix: alength= 4 w= 15 nsites= 78 E= 8.6e-002
 0.000590 0.000372 0.998448 0.000590
 0.027205 0.758910 0.040295 0.173590
 0.852282 0.000372 0.120141 0.027205
 0.027205 0.971832 0.000372 0.000590
 0.958743 0.013680 0.026987 0.000590
 0.000590 0.000372 0.971832 0.027205
 0.000590 0.026987 0.000372 0.972051
 0.000590 0.013680 0.985140 0.000590
 0.080436 0.000372 0.798833 0.120359
 0.120359 0.066910 0.652448 0.160282
 0.280051 0.426218 0.146756 0.146975
 0.266744 0.559294 0.133449 0.040513
 0.293359 0.399602 0.160064 0.146975
 0.626051 0.066910 0.106833 0.200205
 0.373205 0.173372 0.412910 0.040513

MOTIF 5-CTCTCTCTCYCTCDCTCYC STREME-5
letter-probability matrix: alength= 4 w= 19 nsites= 161 E= 1.2e-001
 0.050206 0.899433 0.016808 0.033553
 0.028002 0.144484 0.150035 0.677480
 0.016899 0.727349 0.055666 0.200086
 0.000246 0.177790 0.116728 0.705235
 0.000246 0.871677 0.022360 0.105717
 0.022451 0.216648 0.050115 0.710787
 0.100166 0.788411 0.000155 0.111268
 0.116819 0.177790 0.211097 0.494294
 0.061308 0.632980 0.088973 0.216739
 0.150126 0.249954 0.133381 0.466538
 0.000246 0.755104 0.039013 0.205637
 0.188983 0.188892 0.000155 0.621969
 0.050206 0.627429 0.083422 0.238943
 0.211188 0.138933 0.333221 0.316659
 0.144575 0.760655 0.044564 0.050206
 0.166779 0.188892 0.100075 0.544254
 0.000246 0.649633 0.155586 0.194535
 0.144575 0.288812 0.005706 0.560907
 0.111268 0.649633 0.066768 0.172330

MOTIF 6-CAGGGYTGCA STREME-6
letter-probability matrix: alength= 4 w= 10 nsites= 102 E= 1.2e-001
 0.000534 0.986559 0.000336 0.012571
 0.986756 0.012373 0.000336 0.000534
 0.000534 0.000336 0.998596 0.000534
 0.012571 0.036448 0.764339 0.186643
 0.000534 0.000336 0.986559 0.012571
 0.217187 0.507658 0.000336 0.274818
 0.084793 0.024411 0.012373 0.878423
 0.012571 0.000336 0.938411 0.048682
 0.048682 0.649535 0.204953 0.096830
 0.607940 0.294907 0.048485 0.048669

MOTIF 7-GRCGYC STREME-7
letter-probability matrix: alength= 4 w= 6 nsites= 112 E= 2.7e-001
 0.027882 0.017573 0.926664 0.027882
 0.482427 0.017573 0.472118 0.027882
 0.027882 0.926664 0.017573 0.027882
 0.027882 0.017573 0.926664 0.027882
 0.027882 0.472118 0.017573 0.482427
 0.027882 0.926664 0.017573 0.027882

MOTIF 8-ATCGATAGYWR STREME-8
letter-probability matrix: alength= 4 w= 11 nsites= 84 E= 3.4e-001
 0.972950 0.000360 0.026119 0.000571
 0.000571 0.000360 0.000360 0.998709
 0.000571 0.998498 0.000360 0.000571
 0.000571 0.000360 0.998498 0.000571
 0.998709 0.000360 0.000360 0.000571
 0.000571 0.026119 0.000360 0.972950
 0.934311 0.000360 0.000360 0.064969
 0.206631 0.090518 0.612122 0.090729
 0.052090 0.592796 0.051879 0.303236
 0.335414 0.167796 0.038999 0.457792
 0.290356 0.103383 0.412495 0.193766

MOTIF 9-AACAGCTGHTTGBSAN STREME-9
letter-probability matrix: alength= 4 w= 16 nsites= 75 E= 9.9e-001
 0.609223 0.122077 0.219466 0.049234
 0.621396 0.109903 0.061209 0.207492
 0.000540 0.998580 0.000340 0.000540
 0.998780 0.000340 0.000340 0.000540
 0.000540 0.000340 0.998580 0.000540
 0.000540 0.962059 0.012514 0.024887
 0.000540 0.000340 0.000340 0.998780
 0.000540 0.000340 0.998580 0.000540
 0.353576 0.243813 0.000340 0.402271
 0.000540 0.097729 0.000340 0.901390
 0.110103 0.158598 0.170771 0.560528
 0.170971 0.122077 0.487286 0.219666
 0.073582 0.280334 0.255987 0.390097
 0.061408 0.414245 0.353376 0.170971
 0.438791 0.207292 0.158598 0.195318
 0.329229 0.170771 0.219466 0.280534

MOTIF 10-CGCACACACACACRCACACA STREME-10
letter-probability matrix: alength= 4 w= 20 nsites= 56 E= 1.4e+000
 0.021692 0.831411 0.104434 0.042463
 0.208629 0.166747 0.561391 0.063233
 0.125546 0.789870 0.000581 0.084004
 0.914835 0.000581 0.083664 0.000921
 0.000921 0.893723 0.062893 0.042463
 0.894064 0.021351 0.021351 0.063233
 0.000921 0.872953 0.000581 0.125546
 0.810981 0.042122 0.083664 0.063233
 0.208629 0.686016 0.000581 0.104775
 0.852522 0.000581 0.104434 0.042463
 0.229400 0.748328 0.000581 0.021692
 0.748669 0.021351 0.104434 0.125546
 0.042463 0.706787 0.083664 0.167087
 0.644815 0.000581 0.332913 0.021692
 0.063233 0.852182 0.021351 0.063233
 0.707127 0.062893 0.125205 0.104775
 0.000921 0.831411 0.021351 0.146316
 0.707127 0.000581 0.208288 0.084004
 0.187858 0.789870 0.000581 0.021692
 0.769439 0.042122 0.083664 0.104775

MOTIF 11-CAGTGTTGGTAAASG STREME-11
letter-probability matrix: alength= 4 w= 15 nsites= 50 E= 3.4e+000
 0.074695 0.628464 0.037454 0.259386
 0.758051 0.018985 0.111331 0.111633
 0.037757 0.000516 0.960908 0.000819
 0.093164 0.037454 0.055923 0.813458
 0.000819 0.018985 0.979377 0.000819
 0.185510 0.000516 0.018985 0.794989
 0.056226 0.018985 0.018985 0.905803
 0.000819 0.018985 0.979377 0.000819
 0.222448 0.074392 0.683872 0.019288
 0.203979 0.185207 0.111331 0.499484
 0.628767 0.129800 0.055923 0.185510
 0.905803 0.037454 0.055923 0.000819
 0.887334 0.055923 0.000516 0.056226
 0.111633 0.517650 0.296021 0.074695
 0.148572 0.092862 0.628464 0.130102

********************************************************************************
Stopped because 3 consecutive motifs exceeded the p-value threshold (0.05).
********************************************************************************
COMMAND:	streme --p data/chapter4/motif2_diagnostic/peaks_masked.fa --oc data/chapter4/motif2_diagnostic/streme_masked --dna --nmotifs 5 --minw 6 --maxw 20 --thresh 0.05
********************************************************************************
CPU:		Users-MacBook-Pro.local
********************************************************************************
FINALTIME:	13.45 seconds
********************************************************************************
