chr2L	223352	223737	162.634
chr2L	283000	283512	91.8125
chr2L	286458	286970	115.209
chr2L	297470	298111	180.679
chr2L	414493	415131	117.752
chr2L	516026	516378	128.148
chr2L	520633	521054	152.356
chr2L	574166	574602	171.835
chr2L	715390	715731	185.677
chr2L	819505	819991	136.072
chr2L	858145	858498	102.589
chr2L	865495	866375	229.2
chr2L	866985	867720	207.278
chr2L	1072012	1072550	105.099
chr2L	1074529	1074849	153.512
chr2L	1075778	1076120	241.357
chr2L	1172728	1173068	191.003
chr2L	1422751	1423096	142.98
chr2L	1579290	1579611	202.355
chr2L	1590199	1590638	164.606
chr2L	1611130	1611485	196.27
chr2L	1632585	1633420	343.013
chr2L	1727572	1728316	305.481
chr2L	1737010	1737570	146.652
chr2L	2163504	2163815	256.987
chr2L	2179448	2180747	140.253
chr2L	2226191	2227144	101.208
chr2L	2380681	2381250	282.195
chr2L	2433457	2433854	191.919
chr2L	2748298	2749125	145.733
chr2L	2759555	2760006	248.665
chr2L	2765465	2765958	258.114
chr2L	2829823	2830738	120.071
chr2L	2872499	2873252	78.2696
chr2L	2987706	2988178	210.881
chr2L	3037181	3037589	280.782
chr2L	3086525	3087364	103.781
chr2L	3354638	3355639	252.269
chr2L	3376683	3377061	196.048
chr2L	3437005	3437341	106.006
chr2L	3440306	3440644	177.521
chr2L	3444829	3445146	99.3281
chr2L	3471977	3473022	78.2775
chr2L	3573964	3574327	141.975
chr2L	3655587	3656091	386.982
chr2L	3703302	3703716	147.7
chr2L	3776543	3777154	116.026
chr2L	3786259	3786706	169.485
chr2L	3896780	3897115	149.221
chr2L	4030190	4030812	143.78
chr2L	4053431	4053792	141.438
chr2L	4080841	4081193	254.909
chr2L	4093737	4094120	179.021
chr2L	4119017	4119493	125.763
chr2L	4583318	4583654	128.488
chr2L	4837632	4838167	510.852
chr2L	4945295	4945648	401.144
chr2L	4976787	4977444	178.569
chr2L	4981068	4981844	243.21
chr2L	4999513	5001533	88.9733
chr2L	5004959	5005424	294.043
chr2L	5052174	5053048	152.086
chr2L	5299102	5299600	107.556
chr2L	5342211	5342822	345.702
chr2L	5425355	5425827	93.9216
chr2L	5523855	5524974	77.2431
chr2L	6062464	6063043	116.264
chr2L	6561580	6562432	292.185
chr2L	6612313	6613212	749.766
chr2L	6647032	6647533	320.966
chr2L	6647922	6648581	212.54
chr2L	6698176	6698815	81.0423
chr2L	7148096	7148620	100.227
chr2L	7194263	7194776	365.353
chr2L	7281473	7281758	151.604
chr2L	7332651	7333410	104.862
chr2L	7395810	7396155	144.145
chr2L	7396977	7397508	134.627
chr2L	7401629	7402398	121.58
chr2L	7530292	7531037	327.071
chr2L	7534941	7535270	170.109
chr2L	7547052	7547590	90.1877
chr2L	7782943	7783524	105.25
chr2L	7916314	7916673	139.507
chr2L	7964579	7964905	136.337
chr2L	8034767	8035056	137.01
chr2L	8159243	8159891	175.475
chr2L	8212765	8213454	403.415
chr2L	8311141	8311793	123.354
chr2L	8376591	8377098	444.491
chr2L	8382680	8383030	109.409
chr2L	8384054	8384508	304.687
chr2L	8514781	8515271	135.578
chr2L	8574971	8575382	160.538
chr2L	8690923	8691807	136.157
chr2L	8717258	8718253	152.001
chr2L	8951148	8951603	381.026
chr2L	8984899	8985298	324.94
chr2L	9168031	9169020	83.9403
chr2L	9211210	9211578	136.424
chr2L	9430989	9431830	211.175
chr2L	9498177	9498560	136.431
chr2L	9520786	9521574	212.838
chr2L	9660354	9660880	150.319
chr2L	9700327	9700814	94.306
chr2L	9954064	9954533	221.341
chr2L	9956824	9957323	229.437
chr2L	9984194	9984869	101.807
chr2L	10003552	10004031	98.3257
chr2L	10200833	10201327	251.35
chr2L	10381875	10382427	154.342
chr2L	10386210	10386672	128.989
chr2L	10519263	10519598	156.925
chr2L	10527215	10527645	168.879
chr2L	10565714	10566186	97.2394
chr2L	10616804	10617434	87.0825
chr2L	10661607	10662013	136.828
chr2L	10665415	10665998	172.63
chr2L	10697939	10698346	123.636
chr2L	10737169	10737738	158.757
chr2L	10987315	10987847	164.126
chr2L	11053058	11053453	89.5241
chr2L	11057776	11058211	234.23
chr2L	11106604	11107106	464.667
chr2L	11123523	11123861	140.675
chr2L	11203629	11204072	80.9165
chr2L	11268950	11269381	100.153
chr2L	11816391	11816797	157.66
chr2L	12103312	12103777	215.254
chr2L	12483774	12484135	227.169
chr2L	12704391	12705020	154.472
chr2L	13083517	13084055	256.838
chr2L	13145043	13145594	171.465
chr2L	13165020	13165822	156.005
chr2L	13368859	13369300	147.195
chr2L	13378572	13378900	123.415
chr2L	13386926	13387626	204.477
chr2L	13513288	13514155	97.0957
chr2L	13514475	13515326	179.389
chr2L	13778687	13779279	96.5777
chr2L	13779961	13780772	133.933
chr2L	13835023	13835725	621.739
chr2L	14140994	14141692	73.1203
chr2L	14361748	14362108	170.108
chr2L	14372231	14373001	107.323
chr2L	14461076	14461509	125.455
chr2L	14546919	14547460	144.941
chr2L	14615006	14615916	111.929
chr2L	14689153	14689746	384.683
chr2L	14706094	14706844	118.615
chr2L	15009707	15010040	150.589
chr2L	15761883	15762209	108.285
chr2L	16279661	16280151	164.451
chr2L	16350072	16351738	248.345
chr2L	16495218	16495579	153.158
chr2L	16500369	16500904	203.269
chr2L	16532640	16533862	225.121
chr2L	16534998	16536190	167.865
chr2L	16547645	16548228	97.0034
chr2L	16647784	16648124	115.418
chr2L	16656735	16657097	161.76
chr2L	16684196	16685311	129.588
chr2L	16709601	16710231	124.668
chr2L	16715925	16716733	223.619
chr2L	16816005	16816928	115.373
chr2L	17378583	17379395	200.447
chr2L	17410349	17410705	211.992
chr2L	17480768	17481628	280.96
chr2L	17484053	17484643	227.08
chr2L	17514063	17514445	167.364
chr2L	18184593	18185221	124.946
chr2L	18325059	18325616	169.032
chr2L	18328801	18329114	120.543
chr2L	18604450	18605353	248.73
chr2L	18621549	18622082	107.084
chr2L	18839448	18839889	121.261
chr2L	19024318	19024820	104.564
chr2L	19045109	19045435	159.31
chr2L	19051544	19052059	108.674
chr2L	19126939	19127271	135.154
chr2L	19164942	19165438	303.02
chr2L	19425748	19426154	145.303
chr2L	19444507	19445074	207.995
chr2L	19528057	19528711	274.008
chr2L	19533156	19533722	122.753
chr2L	19758402	19758907	176.707
chr2L	19865393	19866152	142.116
chr2L	19869905	19870386	111.57
chr2L	19887544	19887829	126.625
chr2L	20091078	20091973	185.16
chr2L	20120509	20121277	174.061
chr2L	20267025	20267559	90.9064
chr2L	20494657	20495012	151.299
chr2L	20645372	20645794	136.102
chr2L	20656133	20656476	139.195
chr2L	20799890	20800314	160.8
chr2L	20805849	20806359	309.631
chr2L	20917192	20918406	149.032
chr2L	20987503	20987892	155.365
chr2L	21038721	21039049	141.771
chr2L	21158439	21158895	126.553
chr2L	21370657	21371223	88.1678
chr2L	21657353	21657729	128.013
chr2L	21787043	21787494	102.184
chr2L	21867256	21867663	243.727
chr2R	6052750	6053060	140.897
chr2R	6076262	6077014	166.253
chr2R	6151106	6151578	167.157
chr2R	6645031	6645708	130.653
chr2R	6673255	6673670	97.7735
chr2R	6715286	6715834	175.374
chr2R	6809546	6810355	103.816
chr2R	6872609	6873263	143.277
chr2R	6923003	6923556	141.964
chr2R	6938396	6938895	108.226
chr2R	6974835	6975285	247.416
chr2R	7028386	7029208	147.397
chr2R	7063428	7064416	171.426
chr2R	7076745	7077231	80.1996
chr2R	7499816	7500525	117.357
chr2R	7518808	7519732	237.179
chr2R	7665380	7665742	217.986
chr2R	7782536	7783225	192.287
chr2R	7825203	7825518	219.162
chr2R	8002154	8002562	97.6667
chr2R	8068450	8068807	181.782
chr2R	8098328	8098731	136.27
chr2R	8145830	8146495	369.695
chr2R	8251572	8251870	163.399
chr2R	8462426	8462805	260.264
chr2R	9167483	9167839	152.449
chr2R	9278974	9279428	163.604
chr2R	9302865	9303328	116.292
chr2R	9445735	9446067	122.633
chr2R	9588690	9589096	295.106
chr2R	9942712	9943183	161.941
chr2R	9959662	9960333	478.004
chr2R	10056184	10056943	157.146
chr2R	10230637	10231359	127.368
chr2R	10309377	10310301	94.4242
chr2R	10681300	10681813	81.2183
chr2R	10879632	10880030	310.902
chr2R	11184217	11184808	124.003
chr2R	11195562	11196086	166.838
chr2R	11206620	11207558	115.295
chr2R	11222303	11223126	206.752
chr2R	11283883	11284553	83.1731
chr2R	11289085	11289497	295.476
chr2R	11593161	11594036	245.05
chr2R	11600074	11600659	127.337
chr2R	11635302	11636492	248.288
chr2R	11791660	11792074	240.283
chr2R	11839687	11840096	136.01
chr2R	11885537	11886072	135.168
chr2R	11985401	11985907	210.733
chr2R	11988721	11989247	153.97
chr2R	12027491	12028067	369.443
chr2R	12101927	12102273	143.405
chr2R	12171925	12172403	123.973
chr2R	12537597	12538502	81.5536
chr2R	12547304	12547920	105.075
chr2R	12632065	12632567	152.201
chr2R	12760384	12761055	108.948
chr2R	12958002	12958692	79.6029
chr2R	12975298	12975737	185.638
chr2R	12984968	12985464	354.056
chr2R	13035003	13035542	170.341
chr2R	13192204	13192612	154.096
chr2R	13223082	13224200	211.174
chr2R	13230167	13230612	132.551
chr2R	13295725	13296435	211.308
chr2R	13338229	13338559	147.806
chr2R	13449319	13449682	122.386
chr2R	13466894	13467207	95.1789
chr2R	13499498	13500100	195.874
chr2R	13574429	13574945	148.789
chr2R	13824351	13824920	140.649
chr2R	13953965	13954438	92.4397
chr2R	13990421	13991519	81.9135
chr2R	14157413	14157869	404.991
chr2R	14239484	14240227	81.4401
chr2R	14255943	14256717	178.975
chr2R	14284165	14284797	127.799
chr2R	14304904	14305512	91.8553
chr2R	14333502	14333862	139.844
chr2R	14357049	14357492	100.625
chr2R	14434198	14434521	140.474
chr2R	14852392	14853117	144.796
chr2R	14898742	14899332	97.3644
chr2R	14909887	14910594	117.752
chr2R	14917532	14918121	240.946
chr2R	14964913	14965377	122.116
chr2R	14991959	14992594	202.332
chr2R	15034488	15035176	66.1424
chr2R	15054064	15054580	147.64
chr2R	15127955	15129134	269.837
chr2R	15213393	15213980	176.888
chr2R	15217165	15217915	596.803
chr2R	15248394	15248818	155.743
chr2R	15290798	15291465	134.493
chr2R	15307977	15308577	131.177
chr2R	15354125	15354824	82.2675
chr2R	15477895	15478283	154.897
chr2R	15612845	15613337	84.0589
chr2R	15678969	15679448	234.038
chr2R	15784529	15785241	99.3048
chr2R	15886893	15887359	136.82
chr2R	15930049	15930863	108.416
chr2R	15992287	15992698	788.448
chr2R	16031260	16031750	129.398
chr2R	16098334	16098966	137.055
chr2R	16148600	16149007	185.631
chr2R	16160422	16160893	182.121
chr2R	16186150	16186559	116.592
chr2R	16196743	16197014	141.875
chr2R	16206151	16206630	123.228
chr2R	16249416	16250153	120.1
chr2R	16594327	16594980	175.1
chr2R	16608284	16608716	102.854
chr2R	16684470	16684839	106.453
chr2R	16724982	16725291	137.21
chr2R	16773837	16774209	115.871
chr2R	16809107	16809799	72.354
chr2R	16814766	16815460	105.545
chr2R	17005094	17005478	174.617
chr2R	17264974	17265678	119.351
chr2R	17420754	17421539	248.704
chr2R	17427430	17428085	178.247
chr2R	17568206	17568857	258.555
chr2R	17665456	17665808	192.787
chr2R	17804403	17805387	95.3465
chr2R	17854631	17855249	122.659
chr2R	17892803	17893180	108.52
chr2R	18156597	18157160	125.252
chr2R	18333158	18333720	184.181
chr2R	18336724	18337276	135.714
chr2R	18338246	18338863	92.316
chr2R	18624905	18625317	191.515
chr2R	18646778	18647356	93.1125
chr2R	18668544	18668947	192.695
chr2R	18671541	18671936	222.023
chr2R	18673210	18673965	108.325
chr2R	18698604	18699549	67.4148
chr2R	18717585	18717963	162.201
chr2R	18796320	18796994	89.4585
chr2R	18875075	18875474	248.276
chr2R	18881812	18882489	102.79
chr2R	19127836	19128174	125.636
chr2R	19136936	19137491	174.971
chr2R	19144214	19144747	142.463
chr2R	19166288	19166707	157.234
chr2R	19205020	19205760	92.85
chr2R	19423089	19423497	305.885
chr2R	19496677	19497078	128.175
chr2R	20007420	20007793	203.3
chr2R	20121681	20122127	194.374
chr2R	20139877	20140213	137.988
chr2R	20245184	20245663	106.82
chr2R	20531359	20531965	104.206
chr2R	20884385	20884842	326.127
chr2R	20939763	20940261	102.914
chr2R	20999591	21000498	127.948
chr2R	21027393	21028019	79.8514
chr2R	21200021	21200557	295.407
chr2R	21362143	21362899	100.222
chr2R	21372027	21372382	138.952
chr2R	21475265	21475930	130.054
chr2R	21645742	21646348	238.084
chr2R	21669869	21670377	146.882
chr2R	22061585	22062098	387.209
chr2R	22122167	22122869	93.3191
chr2R	22160508	22160930	82.5782
chr2R	22178044	22178964	73.3207
chr2R	22395156	22396143	157.728
chr2R	22397410	22397756	157.234
chr2R	22514059	22514687	555.697
chr2R	22605810	22606537	104.14
chr2R	22673638	22674123	140.829
chr2R	22676264	22678628	185.943
chr2R	22688506	22689109	90.7463
chr2R	22802761	22803462	318.177
chr2R	22925897	22926716	134.199
chr2R	23063850	23064573	112.703
chr2R	23066760	23067686	74.3024
chr2R	23366336	23366836	116.92
chr2R	23376810	23377525	118.024
chr2R	23428393	23428981	171.934
chr2R	23432434	23433100	70.0225
chr2R	23564171	23565149	92.364
chr2R	23566539	23567290	71.3675
chr2R	23592971	23593538	126.536
chr2R	23652288	23652562	127.223
chr2R	23709571	23710116	237.35
chr2R	23844672	23845019	208.403
chr2R	23850188	23850906	555.591
chr2R	23858486	23859007	158.036
chr2R	23873443	23873841	196.754
chr2R	23884446	23885157	189.91
chr2R	23935803	23936622	105.926
chr2R	23957097	23957806	93.2299
chr2R	23967689	23968029	154.403
chr2R	24048896	24049293	142.768
chr2R	24068511	24069285	155.059
chr2R	24133291	24133915	148.191
chr2R	24242704	24243128	181.66
chr2R	24319367	24320013	93.5712
chr2R	24350819	24351212	175.359
chr2R	24363419	24363709	175.159
chr2R	24388845	24389431	96.6792
chr2R	24539124	24539952	237.601
chr2R	24611380	24612110	217.923
chr2R	24629461	24629879	85.6603
chr2R	24739401	24740088	103.824
chr2R	24741807	24742251	101.791
chr2R	24903609	24904341	145.037
chr2R	25019473	25019982	97.8251
chr2R	25167193	25167511	168.827
chr3L	94053	94502	114.43
chr3L	205602	206219	188.716
chr3L	258045	258560	108.918
chr3L	350575	351047	154.487
chr3L	377468	377907	179.383
chr3L	440845	441634	83.9328
chr3L	545467	545864	132.504
chr3L	547050	547433	179.648
chr3L	557319	558031	97.5534
chr3L	589076	589622	178.31
chr3L	643812	644447	113.663
chr3L	680294	680615	146.604
chr3L	711885	713300	100.461
chr3L	751823	752117	150.541
chr3L	771392	772080	82.4869
chr3L	784040	784574	121.912
chr3L	796887	797586	92.9986
chr3L	819505	820121	196.188
chr3L	821901	822478	109.014
chr3L	837323	837916	170.904
chr3L	850842	851650	70.5421
chr3L	857707	857998	215.907
chr3L	895427	896106	183.496
chr3L	1007608	1008333	101.08
chr3L	1300145	1300776	122.339
chr3L	1367913	1368700	111.638
chr3L	1375877	1376897	65.7167
chr3L	1548257	1548961	104.848
chr3L	1558400	1558788	152.835
chr3L	1639359	1639937	134.355
chr3L	1645001	1645528	230.546
chr3L	1668508	1668955	239.213
chr3L	1740135	1740461	212.948
chr3L	1775337	1775651	206.924
chr3L	1808647	1809095	284.121
chr3L	1962879	1963379	146.556
chr3L	2115618	2116114	95.3669
chr3L	2162029	2162386	156.91
chr3L	2257252	2257751	612.643
chr3L	2262562	2262981	227.382
chr3L	2373338	2373839	595.098
chr3L	2467436	2467806	123.327
chr3L	2494070	2494788	171.673
chr3L	2501759	2502440	85.9369
chr3L	2582842	2583342	117.734
chr3L	2583997	2584938	110.732
chr3L	2635208	2635894	92.4883
chr3L	2651835	2652130	126.959
chr3L	2727012	2727549	110.788
chr3L	2733255	2733564	182.456
chr3L	2806054	2806447	198.997
chr3L	2825361	2825800	96.6287
chr3L	3042504	3043041	101.363
chr3L	3045932	3047039	174.556
chr3L	3052147	3052522	130.691
chr3L	3198990	3199495	105.257
chr3L	3302992	3303487	296.78
chr3L	3377918	3378341	147.496
chr3L	3381615	3382995	119.693
chr3L	3418377	3419150	178.464
chr3L	3472371	3473142	84.4734
chr3L	3556381	3556749	121.812
chr3L	3567088	3567823	84.468
chr3L	3615582	3616682	88.1409
chr3L	3760362	3761128	89.5078
chr3L	3824847	3825222	131.051
chr3L	3826539	3826930	174.028
chr3L	3928510	3929405	110.091
chr3L	3935664	3936320	106.005
chr3L	3983401	3983883	88.6909
chr3L	4040235	4040605	155.919
chr3L	4070416	4071293	198.661
chr3L	4228098	4228583	288.443
chr3L	4230223	4230710	164.255
chr3L	4269881	4270529	103.596
chr3L	4541656	4542316	432.845
chr3L	4603497	4603782	116.281
chr3L	4624688	4625086	249.347
chr3L	4698038	4698447	138.386
chr3L	4720500	4721110	74.7361
chr3L	5139197	5139726	359.388
chr3L	5154948	5155604	115.215
chr3L	5186971	5187894	160.226
chr3L	5277963	5278310	290.703
chr3L	5354988	5355725	181.32
chr3L	5577478	5578152	351.691
chr3L	5611705	5612177	102.551
chr3L	5975927	5976840	175.257
chr3L	6094670	6095082	182.427
chr3L	6184727	6185366	154.272
chr3L	6262594	6263102	270.409
chr3L	6488394	6488782	455.814
chr3L	6552631	6553479	146.535
chr3L	6576716	6577586	85.0632
chr3L	6705850	6706325	108.733
chr3L	6777571	6778033	96.5931
chr3L	6853394	6853961	98.94
chr3L	6955888	6956304	240.053
chr3L	6988990	6989594	261.894
chr3L	7008317	7008728	148.623
chr3L	7090809	7091176	176.512
chr3L	7133949	7134748	144.658
chr3L	7250476	7250963	116.706
chr3L	7323356	7323882	119.454
chr3L	7328698	7329226	128.701
chr3L	7850758	7851628	127.362
chr3L	7903581	7904096	143.297
chr3L	7975893	7976780	95.8083
chr3L	8024628	8025168	130.085
chr3L	8115584	8116446	80.3155
chr3L	8127700	8128300	177.598
chr3L	8299758	8300091	148.52
chr3L	8455254	8455858	138.205
chr3L	8600771	8601235	222.047
chr3L	8628940	8629279	106.389
chr3L	8721036	8721549	380.294
chr3L	8920739	8921227	119.711
chr3L	8954662	8955244	81.7457
chr3L	9045193	9045678	96.0227
chr3L	9057528	9058231	139.149
chr3L	9066090	9066557	107.606
chr3L	9072794	9073125	123.006
chr3L	9127132	9128621	95.7038
chr3L	9410756	9411112	161.66
chr3L	9457588	9458163	522.235
chr3L	9460766	9461056	151.117
chr3L	9713757	9714509	136.459
chr3L	9744073	9744462	124.676
chr3L	9855756	9856802	132.535
chr3L	10352707	10353031	106.352
chr3L	10554581	10554875	168.255
chr3L	10637799	10638644	157.762
chr3L	10745552	10745975	119.969
chr3L	10838405	10838794	124.599
chr3L	10855509	10856331	77.9112
chr3L	10965908	10966456	146.286
chr3L	11047834	11048305	129.552
chr3L	11061054	11061544	145.684
chr3L	11064668	11065050	187.317
chr3L	11089779	11090712	144.053
chr3L	11098148	11098667	185.613
chr3L	11256210	11256943	114.349
chr3L	11318778	11319137	185.886
chr3L	11325697	11326535	81.4761
chr3L	11402350	11402821	93.8068
chr3L	11403531	11404300	78.3914
chr3L	11431327	11431694	97.5531
chr3L	11448382	11449250	58.97
chr3L	11491278	11491594	146.468
chr3L	11587776	11588160	100.672
chr3L	11680151	11680657	102.004
chr3L	11696299	11696851	144.098
chr3L	11785282	11785668	141.852
chr3L	12002614	12003187	112.29
chr3L	12111215	12112052	102.045
chr3L	12131824	12132346	113.161
chr3L	12138274	12138901	108.273
chr3L	12457227	12457723	102.472
chr3L	12490587	12491017	185.202
chr3L	12523748	12524508	147.997
chr3L	12533674	12534023	281.135
chr3L	12749369	12749898	132.696
chr3L	12842973	12843654	227.182
chr3L	12913612	12913985	427.839
chr3L	13017956	13018317	375.305
chr3L	13041481	13042029	136.684
chr3L	13450047	13450615	97.3926
chr3L	13862451	13862794	192.248
chr3L	13911628	13912224	117.584
chr3L	13920016	13920548	136.635
chr3L	14004862	14005425	213.623
chr3L	14049807	14050174	90.2153
chr3L	14111419	14111760	190.672
chr3L	14297514	14297811	121.29
chr3L	14303696	14304237	166.701
chr3L	14448674	14449025	152.464
chr3L	14550949	14551355	251.549
chr3L	14632104	14632771	121.136
chr3L	14661838	14662499	120.38
chr3L	14665752	14666386	127.927
chr3L	14758887	14760798	285.325
chr3L	14781244	14781935	109.398
chr3L	14802121	14802824	128.248
chr3L	14999483	15000006	122.648
chr3L	15011711	15011980	126.773
chr3L	15136414	15137370	173.512
chr3L	15580354	15580883	233.522
chr3L	15619452	15620290	76.0155
chr3L	15625618	15626423	149.897
chr3L	15815311	15815830	110.892
chr3L	15921137	15921856	72.751
chr3L	15977610	15977930	146.647
chr3L	15982828	15983234	714.089
chr3L	16001179	16001755	138.304
chr3L	16048074	16048587	107.655
chr3L	16054110	16054485	102.059
chr3L	16087134	16087886	90.9043
chr3L	16105583	16105844	143.149
chr3L	16157768	16158175	105.445
chr3L	16161755	16162492	109.688
chr3L	16165545	16166169	103.095
chr3L	16203181	16203893	149.695
chr3L	16228657	16229146	183.153
chr3L	16380788	16381347	116.83
chr3L	16480169	16480958	201.242
chr3L	16483430	16484184	154.206
chr3L	16533868	16534330	148.316
chr3L	16609167	16609683	84.3333
chr3L	16612204	16612660	122.053
chr3L	16782370	16782739	115.092
chr3L	16890420	16891330	119.152
chr3L	17113263	17113641	93.8545
chr3L	17242138	17242451	196.083
chr3L	17428422	17429465	161.615
chr3L	17433579	17434148	317.467
chr3L	17654052	17654636	174.39
chr3L	17856605	17857509	154.949
chr3L	17999327	18000501	119.554
chr3L	18005033	18005453	117.838
chr3L	18185789	18186141	219.875
chr3L	18192724	18193256	102.91
chr3L	18460989	18461448	195.046
chr3L	18784594	18784889	167.495
chr3L	18867485	18868032	126.762
chr3L	19042505	19042897	131.278
chr3L	19086647	19087286	198.862
chr3L	19097684	19097995	120.624
chr3L	19264137	19264475	132.112
chr3L	19292609	19293207	137.801
chr3L	19516558	19516892	234.47
chr3L	19634696	19635361	137.078
chr3L	19655961	19656329	104.543
chr3L	19902926	19903471	210.097
chr3L	19922918	19923737	162.736
chr3L	20247484	20248145	242.029
chr3L	20302076	20302673	116.462
chr3L	20375603	20376327	93.5318
chr3L	20441960	20442485	167.571
chr3L	20444677	20445252	183.824
chr3L	20508121	20508899	221.17
chr3L	20525996	20526650	241.567
chr3L	20634507	20634891	96.5859
chr3L	20771902	20772332	142.77
chr3L	20778098	20778607	127.236
chr3L	20798344	20798879	171.71
chr3L	21027635	21028118	128.048
chr3L	21031028	21031931	165.645
chr3L	21037396	21037796	138.605
chr3L	21171731	21172807	209.459
chr3L	21176824	21177702	111.609
chr3L	21285632	21286367	211.463
chr3L	21382028	21382635	139.504
chr3L	21515611	21516380	159.42
chr3L	21679734	21680054	157.375
chr3L	21728592	21728962	277.376
chr3L	21828136	21828577	115.569
chr3L	21880267	21880928	252.051
chr3L	22276707	22277746	115.214
chr3L	22288201	22288793	170.767
chr3L	22717183	22717739	105.701
chr3L	22741306	22742111	147.498
chr3L	22863655	22864121	134.549
chr3L	26012342	26012804	132.66
chr3R	4214039	4214546	168.872
chr3R	4215424	4216112	139.938
chr3R	4229164	4229486	183.283
chr3R	4333897	4334417	102.175
chr3R	4395120	4395640	205.704
chr3R	4641545	4642150	128.757
chr3R	4649265	4649844	104.964
chr3R	4663095	4663430	146.161
chr3R	4912163	4912732	103.207
chr3R	5009943	5010794	146.49
chr3R	5127762	5128148	133.249
chr3R	5198386	5198790	122.186
chr3R	5361634	5362216	154.029
chr3R	5485188	5485914	105.364
chr3R	5565304	5565928	152.381
chr3R	5568428	5568952	95.1718
chr3R	5606506	5606966	97.9391
chr3R	5654665	5655453	159.717
chr3R	5669235	5669701	257.792
chr3R	5705458	5705823	119.403
chr3R	5791121	5792085	257.56
chr3R	5998260	5998706	97.3184
chr3R	6112345	6112709	110.374
chr3R	6353625	6354250	123.541
chr3R	6416289	6416633	171.959
chr3R	6759310	6759847	122.795
chr3R	6912003	6912987	118.695
chr3R	6914394	6914816	99.1801
chr3R	6919671	6920542	84.0999
chr3R	6936180	6936476	109.963
chr3R	7067080	7067747	174.892
chr3R	7124020	7124611	144.931
chr3R	7127963	7128325	231.135
chr3R	7249447	7249873	243.577
chr3R	7346463	7346816	153.567
chr3R	7506155	7506733	157.09
chr3R	7809971	7810853	167.819
chr3R	7821633	7821939	106.438
chr3R	7895488	7895859	178.156
chr3R	8001257	8001700	439.709
chr3R	8027173	8027609	116.771
chr3R	8110158	8110670	114.928
chr3R	8112975	8113577	129.214
chr3R	8113866	8114654	113.717
chr3R	8206910	8207418	106.392
chr3R	8239482	8240465	154.005
chr3R	8243775	8244035	111.181
chr3R	8264464	8265328	120.264
chr3R	8333857	8334482	200.141
chr3R	8354367	8355951	162.209
chr3R	8482676	8483278	107.111
chr3R	8650707	8651178	515.641
chr3R	8669112	8669730	250.673
chr3R	8676583	8676957	175.267
chr3R	8731666	8732462	133.76
chr3R	8744047	8744562	103.804
chr3R	8784520	8785154	96.3186
chr3R	8788975	8789382	117.246
chr3R	8896630	8897101	119.257
chr3R	8927645	8928328	111.041
chr3R	8945553	8946401	122.697
chr3R	8960327	8960786	111.791
chr3R	9031697	9032245	187.272
chr3R	9083451	9083795	98.9651
chr3R	9224747	9225121	120.473
chr3R	9260370	9260739	108.054
chr3R	9341504	9342033	138.015
chr3R	9370432	9371008	117.224
chr3R	9401004	9401850	155.076
chr3R	9434465	9435313	140.774
chr3R	9613159	9613523	133.148
chr3R	9618342	9618729	137.69
chr3R	9771318	9771959	201.148
chr3R	9800972	9801306	131.129
chr3R	10084958	10085286	113.204
chr3R	10087412	10088071	103.285
chr3R	10097436	10098673	90.3589
chr3R	10109337	10110257	72.2859
chr3R	10130128	10130625	105.109
chr3R	10154333	10154621	111.042
chr3R	10170270	10170883	190.029
chr3R	10213463	10213798	152.696
chr3R	10269021	10269418	164.599
chr3R	10411754	10412125	119.65
chr3R	10494188	10494732	85.5055
chr3R	10537116	10537479	130.686
chr3R	10564254	10564573	110.417
chr3R	10597573	10598014	200.787
chr3R	10680996	10681960	200.566
chr3R	10688739	10689213	114.698
chr3R	10760817	10761274	145.304
chr3R	10784062	10784480	221.428
chr3R	10849402	10849869	242.773
chr3R	10884046	10884417	210.903
chr3R	11197059	11197521	605.175
chr3R	11211343	11212007	108.569
chr3R	11226446	11226861	435.455
chr3R	11409771	11410239	221.286
chr3R	11421548	11422130	246.631
chr3R	11458331	11458914	134.185
chr3R	11557477	11557837	177.989
chr3R	11582253	11582615	144.26
chr3R	11613182	11613600	117.433
chr3R	11619869	11620163	130.537
chr3R	11622929	11623356	135.403
chr3R	11656621	11657119	344.735
chr3R	11678061	11678477	325.291
chr3R	11774019	11774388	125.385
chr3R	11778132	11779186	86.2676
chr3R	11786720	11787155	158.485
chr3R	11819336	11819838	94.8944
chr3R	11882372	11882822	154.142
chr3R	11887126	11887621	131.493
chr3R	11947129	11947615	102.988
chr3R	11962734	11963250	117.149
chr3R	12010417	12010793	142.987
chr3R	12078759	12079641	95.7642
chr3R	12083522	12083921	109.243
chr3R	12402925	12403323	327.736
chr3R	12653869	12654380	195.967
chr3R	13364069	13365348	145.414
chr3R	13400807	13401725	134.088
chr3R	13428280	13428640	114.714
chr3R	13433379	13434246	107.603
chr3R	13453993	13454324	196.353
chr3R	13596412	13596814	93.3308
chr3R	13914727	13915075	172.897
chr3R	13915654	13916223	111.06
chr3R	14017965	14018466	203.625
chr3R	14051883	14052566	191.275
chr3R	14056150	14056952	134.32
chr3R	14095328	14096036	88.1285
chr3R	14108265	14109071	160.228
chr3R	14125477	14125877	301.413
chr3R	14327672	14328101	131.823
chr3R	14353531	14354079	119.712
chr3R	14373106	14373766	135.253
chr3R	14382584	14383202	101.458
chr3R	14473631	14473987	128.368
chr3R	14476273	14476702	154.466
chr3R	14740575	14741663	105.681
chr3R	15087590	15088033	243.693
chr3R	15145482	15145832	133.997
chr3R	15208957	15209387	114.735
chr3R	15218795	15219323	250.131
chr3R	15229300	15230042	613.377
chr3R	15242276	15242892	133.825
chr3R	15250533	15250870	137.228
chr3R	15274984	15275612	308.729
chr3R	15280902	15281427	106.038
chr3R	15901162	15901704	69.1827
chr3R	16097666	16097963	150.596
chr3R	16204958	16205783	147.221
chr3R	16280236	16280943	328.87
chr3R	16341753	16342463	103.294
chr3R	16448782	16449795	185.882
chr3R	16497349	16497868	218.622
chr3R	16646949	16647356	136.644
chr3R	16704293	16704610	111.792
chr3R	16969628	16970201	115.724
chr3R	17080476	17081140	253.761
chr3R	17371128	17371403	108.393
chr3R	17386445	17386735	126.645
chr3R	17391287	17391946	291.361
chr3R	17400615	17401035	103.712
chr3R	17402245	17402817	107.08
chr3R	17781420	17781765	253.539
chr3R	17919103	17919415	128.75
chr3R	18124661	18125559	112.866
chr3R	18164419	18164889	125.887
chr3R	18172215	18172702	210.7
chr3R	18188681	18189167	200.792
chr3R	18220185	18220601	472.209
chr3R	18396892	18397982	124.913
chr3R	18402302	18403291	227.275
chr3R	18573708	18574405	219.904
chr3R	18719762	18720155	181.15
chr3R	18741479	18742043	310.126
chr3R	18758823	18759182	152.153
chr3R	18895244	18895583	136.003
chr3R	18983611	18984193	104.926
chr3R	19028484	19029194	121.585
chr3R	19162031	19162604	159.775
chr3R	19403067	19403447	315.587
chr3R	19460648	19461030	191.361
chr3R	19498780	19499620	87.9333
chr3R	19671705	19672034	152.046
chr3R	19861313	19861674	194.263
chr3R	19864137	19864755	227.042
chr3R	19892023	19892511	137.213
chr3R	19905697	19906353	158.328
chr3R	19998492	19998769	122.845
chr3R	19999479	19999896	129.739
chr3R	20020958	20021889	145.028
chr3R	20031253	20031867	147.45
chr3R	20261435	20262228	141.842
chr3R	20579809	20580163	147.404
chr3R	20633985	20634403	118.904
chr3R	21097564	21098084	104.835
chr3R	21223466	21224246	78.9846
chr3R	21365218	21365640	349.938
chr3R	21378466	21379305	162.569
chr3R	21520214	21520607	257.193
chr3R	21627705	21628134	138.266
chr3R	21781416	21781964	128.141
chr3R	21992818	21993252	100.408
chr3R	22049042	22049753	131.122
chr3R	22358722	22359532	86.3309
chr3R	22362312	22362963	148.324
chr3R	22400256	22400627	148.412
chr3R	22410864	22411385	119.347
chr3R	22421644	22421982	158.018
chr3R	22469103	22469491	199.961
chr3R	22536331	22536781	93.2156
chr3R	22597428	22597983	95.8631
chr3R	22686296	22686818	99.9444
chr3R	23028477	23029301	81.8228
chr3R	23173099	23174183	131.217
chr3R	23251295	23251623	140.954
chr3R	23258069	23258436	221.64
chr3R	23280698	23281309	160.899
chr3R	23646196	23646537	133.73
chr3R	23678342	23679132	177.123
chr3R	23783995	23784344	120.544
chr3R	23886200	23887353	140.076
chr3R	23934147	23934630	118.327
chr3R	23969465	23970525	85.1
chr3R	24037515	24038217	93.7464
chr3R	24108989	24109480	385.358
chr3R	24141033	24141405	236.866
chr3R	24151813	24152718	235.923
chr3R	24161441	24161833	214.505
chr3R	24163588	24163991	108.261
chr3R	24188541	24189051	182.561
chr3R	24193417	24193887	327.772
chr3R	24259324	24260244	114.096
chr3R	24275952	24276833	108.774
chr3R	24295802	24296232	154.495
chr3R	24567370	24567775	199.721
chr3R	24768819	24769661	149.01
chr3R	24771295	24772086	120.996
chr3R	24786953	24787664	104.878
chr3R	24810563	24811223	166.473
chr3R	24876576	24877106	204.898
chr3R	24893243	24893698	143.899
chr3R	24917821	24918158	143.608
chr3R	24962527	24962831	137.263
chr3R	24983780	24984185	88.1679
chr3R	25004564	25005237	97.7727
chr3R	25024737	25025505	153.924
chr3R	25207404	25207810	145.493
chr3R	25247174	25248251	185.124
chr3R	25258620	25259085	476.475
chr3R	25472787	25473567	246.726
chr3R	25531851	25532242	104.069
chr3R	25680532	25681051	267.985
chr3R	25738011	25738546	155.108
chr3R	26008889	26009286	222.761
chr3R	26020286	26020611	113.935
chr3R	26036199	26036920	155.743
chr3R	26105659	26107224	286.368
chr3R	26172079	26172413	131.111
chr3R	26280394	26280751	116.754
chr3R	26409830	26410141	112.125
chr3R	26557522	26558144	120.582
chr3R	26714115	26714861	345.555
chr3R	26866570	26867072	135.078
chr3R	26886281	26886679	89.5804
chr3R	26888313	26888743	121.851
chr3R	27112270	27112593	238.015
chr3R	27252930	27253674	112.685
chr3R	27289460	27289988	82.0133
chr3R	27292495	27292886	145.1
chr3R	27407001	27407423	176.187
chr3R	27554892	27555486	134.832
chr3R	27607295	27607739	127.721
chr3R	27635795	27636611	617.343
chr3R	27706399	27707223	99.2136
chr3R	27948089	27948847	83.2573
chr3R	28118137	28118436	102.421
chr3R	28328526	28329149	113.955
chr3R	28335542	28336120	103.614
chr3R	28429604	28430070	70.8047
chr3R	28672225	28672576	214.256
chr3R	28831938	28832340	125.04
chr3R	28879983	28880448	159.875
chr3R	28888675	28889255	86.369
chr3R	28904808	28905199	202.634
chr3R	28911754	28912151	169.338
chr3R	29004934	29005498	83.6401
chr3R	29088941	29089291	152.594
chr3R	29089659	29090204	125.989
chr3R	29112767	29113775	87.248
chr3R	29207278	29207683	134.153
chr3R	29207964	29208352	123.487
chr3R	29318648	29319845	90.5547
chr3R	29478818	29479690	97.5631
chr3R	29736511	29737139	142.428
chr3R	29745025	29745406	217.475
chr3R	29894320	29894757	96.5698
chr3R	29983028	29983645	156.089
chr3R	30056589	30056903	148.717
chr3R	30092623	30093133	172.641
chr3R	30189832	30190204	190.212
chr3R	30388130	30388724	300.562
chr3R	30540096	30540941	99.7834
chr3R	30570442	30570907	125.877
chr3R	30781597	30782319	200.99
chr3R	30796714	30797697	142.167
chr3R	30817038	30817779	99.0999
chr3R	30887756	30888042	150.206
chr3R	31058971	31059409	150.363
chr3R	31247587	31247960	157.842
chr3R	31325066	31325429	130.094
chr3R	31384018	31384615	250.256
chr3R	31404375	31405069	639.333
chr3R	31588319	31588758	628.339
chr3R	31592380	31592873	123.132
chr3R	31615990	31616430	490.182
chr3R	31776428	31777406	93.2883
chr3R	31941597	31941926	118.258
chr4	66975	67480	114.988
chr4	424645	424964	237.404
chr4	434290	434813	96.6864
chr4	807151	807837	107.819
chr4	1027059	1027466	291.582
chr4	1112861	1113500	203.568
chrX	499466	500277	87.8903
chrX	686403	687111	147.003
chrX	755894	756298	183.495
chrX	901015	901375	194.406
chrX	955948	956253	111.872
chrX	966825	967170	86.6725
chrX	1052709	1053028	84.0125
chrX	1276745	1277754	170.047
chrX	1618438	1619086	149.852
chrX	1669243	1669580	134.199
chrX	1830011	1831558	243.714
chrX	1849850	1850222	162.984
chrX	1861551	1862197	128.745
chrX	1907679	1908203	86.5992
chrX	1939974	1940409	104.933
chrX	1943562	1944511	91.0316
chrX	1947514	1947966	187.365
chrX	1951707	1952092	220.597
chrX	1952991	1953302	146.209
chrX	1963290	1964195	164.829
chrX	1984052	1984523	134.711
chrX	2040963	2042083	81.2518
chrX	2070506	2071072	119.774
chrX	2071856	2072499	97.1571
chrX	2083144	2084175	124.801
chrX	2087365	2088090	64.8331
chrX	2134249	2134660	106.856
chrX	2134906	2135582	153.985
chrX	2136322	2138333	449.382
chrX	2222087	2222705	186.366
chrX	2293160	2294202	131.707
chrX	2295849	2296650	132.241
chrX	2303730	2304297	138.236
chrX	2306341	2306733	137.291
chrX	2581930	2582596	112.333
chrX	2589364	2590129	176.575
chrX	2593480	2594480	123.097
chrX	2608819	2609155	163.506
chrX	2619475	2620161	142.239
chrX	2646026	2646935	228.636
chrX	2647430	2647758	130.479
chrX	2707924	2708613	65.2642
chrX	2743015	2743486	170.711
chrX	2757433	2757727	99.0068
chrX	2786291	2787693	160.883
chrX	2860880	2861296	78.8558
chrX	3007790	3008160	98.8486
chrX	3018590	3019072	96.556
chrX	3019595	3020001	113.773
chrX	3022462	3022738	131.199
chrX	3025532	3025850	125.689
chrX	3068356	3068623	95.8015
chrX	3096997	3097382	205.517
chrX	3108911	3109280	122.076
chrX	3162353	3162884	227.889
chrX	3294759	3295465	247.217
chrX	3310838	3311506	112.105
chrX	3328975	3329302	122.755
chrX	3381733	3382067	201.719
chrX	3414131	3414743	87.5686
chrX	3424992	3425316	210.627
chrX	3431693	3432050	153.93
chrX	3474336	3475119	74.2656
chrX	3482658	3483023	170.101
chrX	3548611	3548902	87.5155
chrX	3677615	3678616	79.4775
chrX	3692142	3692470	135.293
chrX	3750483	3750902	257.852
chrX	3773338	3773707	148.732
chrX	3774256	3774648	283.972
chrX	3838618	3838965	151.219
chrX	3868472	3869030	151.925
chrX	4005039	4005432	67.9542
chrX	4010898	4011346	72.8884
chrX	4205698	4206185	94.2402
chrX	4262569	4263183	60.0244
chrX	4323869	4325201	281.977
chrX	4666749	4667259	405.424
chrX	4684401	4685039	154.654
chrX	4906677	4907117	105.373
chrX	4909763	4910641	529.091
chrX	5041545	5041901	141.756
chrX	5046546	5046909	136.482
chrX	5093847	5094328	108.636
chrX	5322459	5323017	114.502
chrX	5328903	5329840	61.1345
chrX	5638496	5638899	105.734
chrX	5648609	5648941	178.127
chrX	5695854	5697102	219.605
chrX	5698141	5698561	86.5524
chrX	5700105	5700583	101.218
chrX	5705798	5706249	261.763
chrX	5718624	5719041	119.669
chrX	5735284	5735646	125.558
chrX	5918650	5919318	511.611
chrX	5972017	5972340	91.774
chrX	5980646	5981391	118.757
chrX	6000926	6001533	101.031
chrX	6031622	6032071	117.982
chrX	6074850	6075437	167.157
chrX	6097570	6097989	204.415
chrX	6179461	6179796	90.5493
chrX	6193189	6193777	146.389
chrX	6265320	6265951	183.29
chrX	6330055	6330976	141.535
chrX	6353514	6354223	127.609
chrX	6366329	6367027	137.736
chrX	6549553	6550094	220.057
chrX	6571438	6571965	143.556
chrX	6599117	6599681	196.337
chrX	6601714	6602561	134.758
chrX	6656055	6656505	113.007
chrX	6679101	6679777	214.675
chrX	6696476	6696866	110.044
chrX	6711334	6711966	113.259
chrX	6770972	6771302	217.87
chrX	6793392	6793912	126.569
chrX	6794141	6794547	170.717
chrX	6849450	6849841	163.857
chrX	6852449	6852957	184.652
chrX	6863058	6863584	208.067
chrX	6993762	6994185	146.686
chrX	7011063	7011547	134.012
chrX	7117536	7118192	75.9405
chrX	7241945	7242307	141.652
chrX	7293112	7294588	158.268
chrX	7305555	7306143	80.5544
chrX	7324460	7325563	154.525
chrX	7338213	7338909	68.523
chrX	7616972	7617249	125.87
chrX	7618205	7618556	124.989
chrX	7651623	7652139	79.436
chrX	7691372	7692385	120.567
chrX	7692730	7693183	129.728
chrX	7696823	7697382	221.762
chrX	7698140	7698639	284.645
chrX	7700036	7700982	162.342
chrX	7701585	7702077	135.612
chrX	7703311	7703976	132.868
chrX	7705288	7706049	158.803
chrX	7708858	7709454	175.263
chrX	7734336	7734920	122.276
chrX	7908542	7909114	176.119
chrX	7909553	7909838	89.7053
chrX	7920159	7920439	161.407
chrX	7937680	7938690	77.2762
chrX	7970379	7970835	89.3991
chrX	7972132	7972750	131.68
chrX	8090793	8091584	254.332
chrX	8092025	8092849	97.5279
chrX	8100024	8100431	182.022
chrX	8101365	8102082	138.319
chrX	8143554	8143932	134.738
chrX	8455232	8455666	385.196
chrX	8464368	8465076	174.722
chrX	8492655	8493881	99.2316
chrX	8537959	8538541	66.9278
chrX	8583156	8583521	83.5973
chrX	8601204	8601490	106.5
chrX	8656373	8656891	68.722
chrX	8677468	8677793	108.077
chrX	8709256	8709836	200.836
chrX	8773820	8774404	72.3579
chrX	8777025	8777472	68.4452
chrX	8878882	8879324	122.733
chrX	8890932	8891341	80.3325
chrX	8891776	8892991	98.2313
chrX	8894003	8894610	85.3789
chrX	8896068	8896526	302.731
chrX	8973182	8973533	98.1738
chrX	9047052	9047406	101.836
chrX	9060108	9060448	150.718
chrX	9080982	9081532	92.8909
chrX	9343852	9344149	102.266
chrX	9350295	9350633	88.5888
chrX	9415835	9416410	84.4452
chrX	9431447	9431867	94.9786
chrX	9486794	9487232	83.1301
chrX	9553529	9554758	151.97
chrX	9589967	9590410	93.2054
chrX	9599922	9600598	114.679
chrX	9645921	9646456	292.196
chrX	9650741	9651513	201.048
chrX	9652054	9652326	107.375
chrX	9687219	9688034	160.583
chrX	9778509	9779013	97.7718
chrX	9875857	9876320	169.853
chrX	10088283	10088634	105.071
chrX	10184638	10185074	99.5321
chrX	10486462	10487152	88.1507
chrX	10561420	10561843	100.151
chrX	10573547	10574086	88.4156
chrX	10600544	10600876	116.175
chrX	10620645	10621090	117.78
chrX	10731815	10732133	104.77
chrX	10737434	10737806	190.395
chrX	10767147	10767597	105.202
chrX	10771823	10772459	102.058
chrX	10775657	10776021	101.387
chrX	10802528	10802924	105.997
chrX	10904987	10905458	76.9278
chrX	10936359	10937062	118.896
chrX	10967273	10967679	99.6995
chrX	11081124	11081607	91.8364
chrX	11338261	11338706	139.366
chrX	11351334	11351905	234.147
chrX	11379214	11379515	103.801
chrX	11384156	11384515	175.136
chrX	11423133	11423985	147.121
chrX	11446741	11447441	107.934
chrX	11518459	11518804	207
chrX	11528289	11529075	70.7048
chrX	11576564	11576923	119.618
chrX	11818372	11819085	162.495
chrX	11857553	11858077	135.006
chrX	11915085	11915786	148.658
chrX	11920743	11921345	191.437
chrX	12472159	12472996	206.253
chrX	12510727	12511140	125.881
chrX	12567672	12568051	155.905
chrX	12579398	12579933	258.86
chrX	12629585	12630091	95.5099
chrX	12670119	12670474	143.634
chrX	12719178	12719623	103.207
chrX	13099941	13100296	172.113
chrX	13131136	13132004	329.757
chrX	13159164	13159868	84.5668
chrX	13232217	13233232	116.947
chrX	13251199	13251678	136.248
chrX	13323065	13323624	86.8962
chrX	13337386	13337896	96.2627
chrX	13373201	13373808	120.975
chrX	13387329	13387729	114.755
chrX	13390440	13391871	76.2061
chrX	13403799	13404731	90.6137
chrX	13563450	13564059	86.3169
chrX	13572404	13572773	93.7507
chrX	13640084	13642218	246.955
chrX	13643969	13644410	94.449
chrX	13739344	13740401	174.055
chrX	13815470	13815958	137.535
chrX	13995938	13996364	167.601
chrX	14169033	14169525	83.1606
chrX	14217949	14218527	156.372
chrX	14237908	14238784	149.484
chrX	14483611	14484177	77.2633
chrX	14612292	14612688	131.606
chrX	14627299	14627966	85.9325
chrX	14688990	14689536	129.678
chrX	14727410	14727949	72.4045
chrX	14765788	14766351	93.2877
chrX	14839119	14840232	89.0144
chrX	14882737	14883094	154.91
chrX	15023828	15024841	82.7966
chrX	15074734	15075420	182.144
chrX	15084564	15085144	143.707
chrX	15120104	15120482	85.2011
chrX	15216077	15216402	125.28
chrX	15532122	15532818	69.0402
chrX	15549009	15549609	139.13
chrX	15554062	15554667	157.314
chrX	15579619	15580004	279.049
chrX	15599708	15600051	120.682
chrX	15615465	15615778	105.006
chrX	15703778	15704136	140.869
chrX	15740172	15740586	131.621
chrX	15844142	15844583	125.741
chrX	15867755	15868251	518.599
chrX	16140560	16141015	107.413
chrX	16263466	16263826	151.503
chrX	16332721	16333280	261.268
chrX	16358996	16359331	275.113
chrX	16404042	16404404	185.544
chrX	16640388	16641158	153.955
chrX	16691454	16691841	166.183
chrX	16782104	16782859	81.645
chrX	16811170	16811665	198.541
chrX	16821987	16822742	74.9974
chrX	16833124	16833685	115.886
chrX	16854749	16855122	100.032
chrX	16944009	16944383	129.824
chrX	17129794	17130422	114.578
chrX	17178525	17179040	76.2117
chrX	17292003	17292399	127.975
chrX	17491219	17491501	131.67
chrX	17507571	17507999	125.227
chrX	17595751	17596143	171.944
chrX	17598918	17599799	69.4938
chrX	17632010	17632407	160.189
chrX	17702712	17703192	150.85
chrX	17844283	17845115	149.325
chrX	17880099	17881503	143.295
chrX	18092633	18093336	105.881
chrX	18293863	18294696	102.451
chrX	18494223	18494824	66.9501
chrX	18507131	18507689	123.887
chrX	18644905	18645345	82.0977
chrX	18669954	18670452	83.4357
chrX	18836963	18837469	93.9466
chrX	18843183	18843694	115.521
chrX	18848348	18849246	129.535
chrX	18951497	18951823	165.175
chrX	19018110	19018422	172.391
chrX	19106678	19107189	79.3092
chrX	19156018	19156398	137.653
chrX	19179614	19180226	98.652
chrX	19187690	19187977	93.7352
chrX	19289338	19289769	208.631
chrX	19297951	19299226	169.007
chrX	19603952	19604682	107.199
chrX	19662862	19663688	74.9927
chrX	19666898	19667528	78.7444
chrX	19668348	19668809	214.991
chrX	19693095	19693810	137.382
chrX	19744036	19744700	71.0858
chrX	19850512	19850980	128.989
chrX	19889445	19889785	168.059
chrX	20173560	20173926	109.566
chrX	20236133	20236505	141.677
chrX	20393848	20394509	69.879
chrX	20429815	20430194	196.578
chrX	20495821	20496670	66.7362
chrX	20654904	20655601	108.768
chrX	20760396	20760829	138.279
chrX	21054019	21054533	238.593
chrX	21059054	21059628	123.993
chrX	21124164	21124557	116.384
chrX	21319098	21319724	140.244
chrX	21322578	21323002	117.05
chrX	21339402	21339782	194.271
chrX	21366056	21367068	121.001
chrX	21367526	21368115	363.587
chrX	21593825	21594243	142.656
chrX	21631367	21631876	85.7269
chrX	22833505	22833900	90.762
