chr2L	223338	223715	75.1379318
chr2L	267481	267979	43.8313255
chr2L	441890	442342	43.6106186
chr2L	522842	523314	44.1927948
chr2L	715074	715733	37.9362679
chr2L	856703	857279	36.6493073
chr2L	1072109	1072563	80.8215866
chr2L	1075728	1076104	81.4680862
chr2L	1185615	1185965	60.1771431
chr2L	1456640	1457283	33.8615875
chr2L	1575580	1575935	35.6225357
chr2L	1638627	1638950	67.4210510
chr2L	1643193	1643557	67.6675797
chr2L	1727770	1728059	78.9411774
chr2L	1737016	1737521	48.2376251
chr2L	2147301	2147649	57.2844810
chr2L	2163419	2163790	77.7843628
chr2L	2180061	2180665	49.2599335
chr2L	2182761	2183085	60.5709877
chr2L	2189038	2189328	59.9172401
chr2L	2200920	2201604	46.0628662
chr2L	2221638	2222109	95.2038193
chr2L	2380678	2381119	66.8798218
chr2L	2433524	2433844	45.6343765
chr2L	2759459	2759888	50.8508148
chr2L	2765027	2765931	46.5608406
chr2L	2896968	2897438	53.6680870
chr2L	3301920	3302571	134.8648224
chr2L	3348158	3348433	55.6545448
chr2L	3354739	3355293	76.2220230
chr2L	3628780	3629561	42.3188210
chr2L	3771249	3771934	71.2700729
chr2L	3776390	3777169	52.2901154
chr2L	3804605	3805104	87.0661316
chr2L	3832274	3832673	91.1152878
chr2L	4030314	4030750	48.6444969
chr2L	4045414	4045834	49.1476173
chr2L	4080670	4081124	45.3986778
chr2L	4119046	4119307	66.9003830
chr2L	4350735	4351004	47.1263924
chr2L	4583332	4583654	46.2701874
chr2L	4850268	4850653	62.2805176
chr2L	4945371	4945619	95.4112930
chr2L	4976971	4977469	51.2349396
chr2L	4981324	4981822	49.9176712
chr2L	4997431	4998236	69.6745377
chr2L	5004996	5005541	46.6715584
chr2L	5342449	5342748	39.6020050
chr2L	5546516	5546965	57.6570168
chr2L	5907450	5907804	84.5706177
chr2L	6065953	6066291	162.7958527
chr2L	6612320	6613257	106.4813232
chr2L	7313542	7313850	40.5649338
chr2L	7401697	7401954	67.6848221
chr2L	7530296	7530974	62.5280228
chr2L	7564928	7565218	50.1620674
chr2L	7782955	7783439	43.0495872
chr2L	7916400	7916618	42.8899078
chr2L	8162492	8163268	75.8788681
chr2L	8212806	8213248	102.7398224
chr2L	8277663	8278035	148.3709717
chr2L	8376709	8377059	92.6914291
chr2L	8575043	8575520	55.6121597
chr2L	8951049	8951551	70.8525925
chr2L	8984997	8985273	83.9275360
chr2L	9525729	9526083	59.6214676
chr2L	9567296	9567775	77.5991669
chr2L	9633185	9633469	52.8063393
chr2L	9956999	9957459	71.2478256
chr2L	9967062	9967915	43.9249725
chr2L	10009986	10010318	67.9397583
chr2L	10057262	10057570	53.4805183
chr2L	10200842	10201327	70.2041245
chr2L	10474329	10474652	67.1486053
chr2L	10665701	10665993	47.6267128
chr2L	10751931	10752493	57.6583633
chr2L	11106526	11107080	91.1642609
chr2L	11208987	11209263	62.0253639
chr2L	11453048	11453350	49.4039726
chr2L	11816363	11816794	90.8120651
chr2L	13083691	13084069	43.1084671
chr2L	13373736	13374259	55.2581253
chr2L	13394853	13395351	68.4738922
chr2L	13835318	13835780	170.4610443
chr2L	14046849	14047527	34.3171082
chr2L	14502604	14503164	52.4589272
chr2L	14512896	14513353	46.6039391
chr2L	14995473	14996189	56.5796089
chr2L	16325613	16325917	76.6250000
chr2L	16495218	16495488	70.8296280
chr2L	16500445	16500763	71.6477966
chr2L	16521208	16521761	59.5135612
chr2L	17378690	17379438	80.4772720
chr2L	17379905	17380218	58.0127792
chr2L	17466326	17466754	50.0420570
chr2L	17480974	17481542	74.8063354
chr2L	17514111	17514407	52.3648643
chr2L	18145362	18145787	62.0729408
chr2L	18604808	18605267	69.7320251
chr2L	18890106	18890678	40.4982529
chr2L	18899168	18900109	33.5313492
chr2L	18982249	18982842	35.8043861
chr2L	19008993	19009500	68.2090759
chr2L	19164990	19165343	90.1331482
chr2L	19226423	19226702	59.1254463
chr2L	19416516	19416930	55.3623199
chr2L	19444666	19445037	45.3557968
chr2L	19865479	19865939	51.3586960
chr2L	19934892	19935393	29.1497002
chr2L	20085094	20085390	75.5810776
chr2L	20120539	20121254	41.4545441
chr2L	20287249	20287530	50.3879013
chr2L	20787253	20787527	62.7737236
chr2L	21009403	21009919	46.0193787
chr2L	21794830	21795247	68.0887299
chr2L	21867129	21867598	45.5010643
chr2R	6464891	6465111	42.5772743
chr2R	6974987	6975244	85.7509766
chr2R	7518888	7519275	69.9431534
chr2R	7665382	7665706	66.7808609
chr2R	7754007	7754473	37.6180267
chr2R	7825174	7825484	47.6258049
chr2R	8014278	8014500	83.9909897
chr2R	8060787	8061191	130.7178192
chr2R	8082664	8083063	47.3458633
chr2R	8098283	8098712	54.6899757
chr2R	8178013	8178500	45.8151932
chr2R	8237294	8237562	58.3059692
chr2R	8644230	8644603	72.0294876
chr2R	9095060	9095481	75.6508331
chr2R	9121883	9122368	97.9422684
chr2R	9138672	9139128	104.5350876
chr2R	9442567	9443110	39.9631691
chr2R	9587062	9587520	48.7314415
chr2R	9959746	9960051	111.3737717
chr2R	10056219	10056996	54.7387390
chr2R	10081634	10081967	45.5915909
chr2R	10219669	10220221	75.3677521
chr2R	10230729	10231244	52.3242722
chr2R	11173319	11173744	57.7270584
chr2R	11194623	11195326	53.5248947
chr2R	11600398	11600686	61.1631927
chr2R	11626468	11627011	43.7532234
chr2R	11635924	11636188	61.0075760
chr2R	11742764	11743102	43.7189331
chr2R	11791690	11792056	54.9344254
chr2R	11885592	11886064	43.1567802
chr2R	12435630	12436176	46.3223457
chr2R	12984721	12985635	56.8894958
chr2R	13223244	13223532	63.5243073
chr2R	13223882	13224136	63.9566917
chr2R	13499627	13500133	53.7075081
chr2R	14157477	14157772	90.8813553
chr2R	14917743	14918028	73.7649155
chr2R	15213646	15213875	51.6768570
chr2R	15217592	15217889	155.6868744
chr2R	15247950	15248744	46.9370270
chr2R	15330558	15330871	48.5878601
chr2R	15762303	15762736	54.8314095
chr2R	15992371	15992666	141.9593201
chr2R	16196601	16197057	43.4868431
chr2R	16206342	16206628	52.7657356
chr2R	16210920	16211174	68.5826797
chr2R	17262595	17262952	81.7450943
chr2R	17420755	17421275	69.4692307
chr2R	17547396	17547826	57.8372078
chr2R	17568244	17568761	63.4158592
chr2R	17804737	17805104	74.8610382
chr2R	18245968	18246646	27.9793510
chr2R	18338308	18338736	55.0233650
chr2R	18354090	18354387	47.8518524
chr2R	18413536	18414045	64.5343781
chr2R	18621257	18621781	60.1583977
chr2R	19843377	19843964	39.5502548
chr2R	20067202	20067745	38.3683243
chr2R	20153896	20154193	45.5151520
chr2R	20531358	20531705	49.8213272
chr2R	20884445	20884721	105.1666641
chr2R	21027578	21028043	46.7526894
chr2R	21199752	21200518	44.4738922
chr2R	21364125	21364384	61.0733604
chr2R	22061612	22062052	77.9772720
chr2R	22395122	22396136	52.6449699
chr2R	22397449	22397803	84.2598877
chr2R	22510748	22511169	37.9263649
chr2R	22798534	22799145	47.9279861
chr2R	22802683	22803233	105.6418152
chr2R	22854201	22854717	50.6337204
chr2R	22925913	22926956	38.8168755
chr2R	23426264	23426530	36.7030067
chr2R	23589183	23589575	53.6301003
chr2R	23593059	23593317	62.8759689
chr2R	23858520	23859073	42.8607597
chr2R	23978395	23979256	66.5795593
chr2R	24045214	24045884	45.4835815
chr2R	24057649	24058034	58.0857124
chr2R	24327333	24327956	69.5826645
chr2R	24329430	24329740	84.3354874
chr2R	24350852	24351130	52.4388504
chr2R	24363452	24363749	42.8114471
chr2R	24606950	24607505	38.9855843
chr2R	24611457	24611702	102.6775513
chr2R	24793331	24793802	52.3354568
chr2R	24814441	24814897	65.3991241
chr2R	24903655	24904336	63.5903091
chr3L	205790	206085	80.8000031
chr3L	563050	563305	54.8705864
chr3L	589249	589607	53.9580994
chr3L	621270	621684	49.1811600
chr3L	640521	640890	62.3902435
chr3L	644194	644664	53.0574455
chr3L	696751	697128	76.5411148
chr3L	725863	726206	80.0787201
chr3L	738683	739094	69.3187332
chr3L	802777	803094	53.1640396
chr3L	819569	819825	64.5039062
chr3L	904402	904725	52.0185776
chr3L	1166313	1166687	50.2433167
chr3L	1368212	1368475	68.6387863
chr3L	1442714	1443258	57.3805161
chr3L	1479254	1479622	52.8804359
chr3L	1668538	1668890	68.7613602
chr3L	1746200	1747163	61.1682243
chr3L	1808720	1808978	55.1937981
chr3L	1963014	1963403	40.7377892
chr3L	2257343	2257651	146.8603821
chr3L	2262424	2263145	40.6907082
chr3L	2373476	2373762	99.0139847
chr3L	2494172	2494590	42.7009583
chr3L	2806090	2806407	63.6656151
chr3L	3046247	3046673	73.8568039
chr3L	3060638	3060966	116.2042694
chr3L	3192917	3193543	62.1405754
chr3L	3194093	3194427	74.6467056
chr3L	3222838	3223268	54.3279076
chr3L	3394172	3395701	70.8606949
chr3L	3396083	3396456	64.9973221
chr3L	3826583	3826879	49.0945930
chr3L	4016847	4017113	50.2744370
chr3L	4230370	4230996	52.4904137
chr3L	4611368	4611681	54.3833847
chr3L	4612750	4613526	51.7938156
chr3L	5138809	5139843	47.9671173
chr3L	5277994	5278281	58.0696869
chr3L	5808127	5808410	38.6360435
chr3L	5976366	5976654	96.9930573
chr3L	6124653	6124955	53.5132446
chr3L	6262719	6263251	54.5338364
chr3L	6467352	6468254	36.0853653
chr3L	6488129	6488715	62.9829369
chr3L	6816987	6817290	39.9867973
chr3L	6823807	6824185	42.4259262
chr3L	7090858	7091218	41.3722229
chr3L	7850842	7851372	48.0169830
chr3L	8458032	8458520	91.4487686
chr3L	8600763	8601231	59.2863235
chr3L	8721159	8721450	57.6632309
chr3L	8765563	8766286	73.6085739
chr3L	9045354	9045790	46.2775230
chr3L	9383744	9384053	117.7702255
chr3L	9422928	9423400	86.3813553
chr3L	9426745	9426993	113.5967712
chr3L	10352737	10352992	60.0431366
chr3L	10518940	10519296	61.7612343
chr3L	10752351	10753033	42.4926682
chr3L	10772525	10773005	43.2812500
chr3L	10776451	10776683	81.7112045
chr3L	10966054	10966703	35.2835121
chr3L	11098257	11098549	60.3938370
chr3L	11318810	11319197	51.7105942
chr3L	11325450	11326123	38.8320961
chr3L	11405854	11406306	56.2544250
chr3L	11554286	11554766	65.2520828
chr3L	12124763	12125346	49.5917664
chr3L	12266868	12267398	53.9415092
chr3L	12490594	12490970	54.7739372
chr3L	12843015	12843401	52.5207253
chr3L	12913672	12913932	62.2076912
chr3L	13018020	13018305	67.2456131
chr3L	13041623	13042180	52.9533195
chr3L	13862490	13862734	62.8811493
chr3L	14004949	14005583	46.0441628
chr3L	14303776	14304423	58.2225647
chr3L	14550863	14551308	70.2022476
chr3L	14652088	14652892	35.2164192
chr3L	14665813	14666251	45.7442932
chr3L	14784851	14785487	50.4732704
chr3L	15098643	15099070	57.4145203
chr3L	15136557	15137231	53.2922859
chr3L	15508240	15508543	108.7986832
chr3L	15675022	15675382	43.0055542
chr3L	15924843	15925349	50.6106720
chr3L	15982842	15983500	65.5486298
chr3L	16026144	16026578	43.6129036
chr3L	16228727	16228966	58.4393311
chr3L	16956818	16957172	38.5480232
chr3L	17433623	17433871	101.1572571
chr3L	17658460	17658715	76.8901978
chr3L	18009010	18009324	52.1942673
chr3L	18238592	18239017	45.9882355
chr3L	18348609	18348947	44.8520699
chr3L	18890444	18891160	54.2541885
chr3L	19033213	19033467	64.7047272
chr3L	19612164	19612658	73.6963577
chr3L	20002423	20002807	71.4661484
chr3L	20247570	20247861	75.9553299
chr3L	20442033	20442351	46.1289291
chr3L	20444890	20445187	66.0168381
chr3L	20526227	20526574	66.9106598
chr3L	20771955	20772323	50.4673920
chr3L	21304407	21304728	135.6791229
chr3L	21433178	21433406	57.5964928
chr3L	21728631	21729135	45.4861107
chr3L	21880352	21880854	86.0756989
chr3L	22288364	22288821	53.4048157
chr3L	22878722	22879313	132.5296173
chr3R	4663106	4663414	69.9058456
chr3R	4664967	4665339	64.2849426
chr3R	5009846	5010697	44.9330215
chr3R	5053568	5054175	51.2833595
chr3R	5107992	5108330	56.3816566
chr3R	5212328	5212586	61.0348854
chr3R	5565603	5565875	58.3566170
chr3R	6404261	6404559	65.0436249
chr3R	6881660	6881957	49.6363640
chr3R	6914327	6914743	50.6394234
chr3R	7067072	7067372	63.5800018
chr3R	7473541	7474123	109.0584183
chr3R	8001313	8001594	107.9145889
chr3R	8355490	8356004	56.2743187
chr3R	8650672	8651092	97.5452347
chr3R	8669092	8669797	67.4624100
chr3R	9393655	9393985	54.7969704
chr3R	9534182	9534510	72.3719482
chr3R	9573847	9574353	73.9881439
chr3R	9618460	9618727	51.8314590
chr3R	9869760	9870292	49.5093994
chr3R	10849484	10849915	66.3758698
chr3R	10886796	10887253	47.6980324
chr3R	11215883	11216692	45.3201485
chr3R	11226524	11226803	124.2078857
chr3R	11409827	11410114	69.8257828
chr3R	11421771	11422041	69.1333313
chr3R	11623067	11623319	57.5753975
chr3R	11677951	11678455	47.8095245
chr3R	11779995	11780473	64.3661118
chr3R	11849463	11849972	45.7937126
chr3R	12402994	12403277	123.6113052
chr3R	12448970	12449375	171.3012390
chr3R	13914800	13915041	46.7178421
chr3R	14024940	14025427	40.4558525
chr3R	14053409	14053759	79.5142822
chr3R	14373231	14373702	52.4522285
chr3R	14478419	14478952	43.0450287
chr3R	14590981	14591458	53.1802940
chr3R	14655217	14655461	78.3155746
chr3R	14674688	14675110	51.2606621
chr3R	14738541	14738774	88.6351929
chr3R	14893969	14894225	53.6132812
chr3R	15229345	15229689	194.9040680
chr3R	15275251	15275988	50.6933517
chr3R	15651827	15652135	43.9642868
chr3R	16331703	16332383	39.7000008
chr3R	17020719	17021382	42.6862755
chr3R	17080398	17081099	59.5506401
chr3R	17391373	17391815	60.6447983
chr3R	17655104	17655375	46.5018463
chr3R	17700432	17700885	86.1125793
chr3R	17919106	17919369	61.8022804
chr3R	17941090	17941393	57.7821770
chr3R	18220276	18220555	125.1899643
chr3R	18402490	18403210	69.0500031
chr3R	18719855	18720097	51.8760338
chr3R	18741641	18741909	70.5037308
chr3R	18997866	18998397	49.6986809
chr3R	19403080	19403373	67.7133102
chr3R	19584746	19585215	53.4264374
chr3R	19905739	19906260	48.1880989
chr3R	19999506	19999775	56.4089203
chr3R	20036055	20036322	87.6479416
chr3R	20252858	20253454	54.9446297
chr3R	20594834	20595134	48.0366669
chr3R	20821864	20822356	51.0162621
chr3R	21378625	21378919	94.4727859
chr3R	21520260	21520520	64.6192322
chr3R	21590510	21591072	78.4537354
chr3R	21828829	21829224	56.8227844
chr3R	21870353	21870685	82.5240936
chr3R	22049151	22049442	52.5807571
chr3R	22139201	22139585	50.5546875
chr3R	22362669	22363110	54.8480721
chr3R	23175314	23175800	54.2160492
chr3R	23280968	23281249	67.2313156
chr3R	23669672	23670501	62.4559708
chr3R	23678584	23678881	72.0875397
chr3R	23723656	23724122	48.6888428
chr3R	23757936	23758384	71.8839264
chr3R	23784015	23784514	46.9619255
chr3R	23886072	23886627	56.4468460
chr3R	23887026	23887427	74.9875336
chr3R	24037648	24037916	46.1828346
chr3R	24109049	24109373	76.9753113
chr3R	24140904	24141400	64.2399216
chr3R	24193473	24193760	70.4459915
chr3R	24572375	24573124	66.1909180
chr3R	25024854	25025257	57.4218369
chr3R	25247283	25247847	62.1258850
chr3R	25258655	25258997	82.4385986
chr3R	25472801	25473549	59.9772720
chr3R	25680592	25680950	92.6257019
chr3R	25737892	25738349	53.6214447
chr3R	25879534	25879772	61.8823547
chr3R	26041683	26042657	51.1078033
chr3R	26227891	26228389	47.5562248
chr3R	26714249	26714500	70.7011948
chr3R	27280886	27281338	63.3075218
chr3R	27569427	27570180	33.3731728
chr3R	28911830	28912081	59.2868538
chr3R	29478760	29479254	34.4149780
chr3R	29618702	29619001	115.7692337
chr3R	29699224	29699543	49.9278984
chr3R	30189810	30190184	50.8422470
chr3R	30388162	30388871	53.3117065
chr3R	30450353	30450666	70.8849869
chr3R	30781523	30782228	60.2624130
chr3R	30813726	30814146	57.1761894
chr3R	30817046	30818005	31.6319084
chr3R	31059031	31059553	49.9616852
chr3R	31168955	31169319	35.1401100
chr3R	31252655	31252860	67.2780457
chr3R	31384087	31384638	64.4954605
chr3R	31395204	31395703	48.1182365
chr3R	31404474	31404866	166.0535736
chr3R	31551003	31551342	40.7433624
chr3R	31588379	31588659	153.3071442
chr3R	31615977	31616377	100.9049988
chr3R	31706005	31706551	39.3406601
chr4	497662	498103	72.3628082
chr4	982839	983201	64.2983398
chrX	175575	176031	35.1535072
chrX	493836	494311	49.7473679
chrX	523096	523654	68.9032288
chrX	526568	526823	51.4352951
chrX	654970	655274	83.0559235
chrX	686319	686922	39.1111107
chrX	756019	756467	35.2522316
chrX	764356	765396	37.3846169
chrX	1235208	1235646	41.5662117
chrX	1275177	1275877	49.8442841
chrX	1276986	1277456	55.2425537
chrX	1947580	1948258	68.5619507
chrX	1951585	1952210	57.6703987
chrX	1963653	1964078	54.4376488
chrX	2083785	2084341	39.4748192
chrX	2295556	2296830	33.7284126
chrX	2297439	2297859	65.7761917
chrX	2298884	2299319	45.5149422
chrX	2300345	2300862	63.9690514
chrX	2318391	2318778	49.8914719
chrX	2468626	2468880	48.1771660
chrX	2608712	2609106	41.8680191
chrX	2619760	2620200	32.9818192
chrX	2645906	2646618	50.9817429
chrX	2703605	2704075	189.7276611
chrX	2744098	2744475	44.3156509
chrX	3024574	3024934	45.6250000
chrX	3097033	3097453	64.8523788
chrX	3294860	3295192	79.5813217
chrX	3310867	3311227	64.3000031
chrX	3381784	3382057	41.8461533
chrX	3427296	3428137	29.1403084
chrX	3482456	3483012	33.7571945
chrX	3546097	3546436	42.4247780
chrX	3742075	3742650	122.7930450
chrX	3838644	3838989	42.1681175
chrX	4324679	4325232	67.2658234
chrX	4590030	4590350	76.8937531
chrX	4666777	4667153	70.0664902
chrX	4939795	4940288	62.0060844
chrX	5083585	5084065	79.2375031
chrX	5677809	5678485	53.2174568
chrX	5754968	5756097	40.4898148
chrX	5896027	5896496	58.6759071
chrX	5918685	5919084	79.0300751
chrX	5971840	5972426	28.5682602
chrX	6000653	6001297	37.5605583
chrX	6031393	6032126	30.0272846
chrX	6074881	6075192	46.2186508
chrX	6097619	6097923	49.3651314
chrX	6265238	6265894	43.2850609
chrX	6549535	6550069	51.2977524
chrX	6571423	6571866	46.3069992
chrX	6599121	6599602	62.8856544
chrX	6678969	6679917	33.0780602
chrX	6771006	6771264	53.5000000
chrX	6794180	6794499	37.4764900
chrX	6852642	6852912	47.4444427
chrX	6969331	6969610	79.3369141
chrX	6985270	6985797	36.5939293
chrX	7004106	7004651	49.0183487
chrX	7241999	7242547	38.1240883
chrX	7276754	7277391	27.4772377
chrX	7291876	7292189	47.1916924
chrX	7293090	7294574	52.3180580
chrX	7318943	7319448	38.8772278
chrX	7324678	7325275	63.4773865
chrX	7618246	7618565	49.3448257
chrX	7696968	7697212	46.1598358
chrX	7698247	7698558	83.6784592
chrX	7706456	7707193	74.1085510
chrX	7920175	7920475	53.5200005
chrX	8100092	8100391	51.5886269
chrX	8101411	8102019	26.7253284
chrX	8398609	8398956	51.3976936
chrX	8455298	8455578	115.5250015
chrX	8492884	8493365	40.0769234
chrX	8681256	8681515	60.9498062
chrX	8709297	8709667	72.4594574
chrX	8878969	8879369	36.3849983
chrX	8891497	8892218	40.9819679
chrX	8894330	8894637	45.9837151
chrX	8896133	8896438	83.9868851
chrX	9486881	9487128	52.6194344
chrX	9553342	9554178	49.2392349
chrX	9554417	9554827	63.6878052
chrX	9578764	9579616	64.7582169
chrX	9583781	9584084	57.6006584
chrX	9640674	9641036	62.3563538
chrX	9645780	9646473	60.8961029
chrX	10088322	10088657	43.0268669
chrX	10936644	10936951	45.7654724
chrX	11423191	11423511	50.6906242
chrX	11452604	11453199	34.1613464
chrX	11528331	11528981	35.8615379
chrX	11629028	11629528	32.4560013
chrX	11818440	11818740	80.2533340
chrX	11857579	11857864	54.9298248
chrX	11915135	11915410	50.8181801
chrX	12203446	12204018	41.1730766
chrX	12472259	12472552	52.9044380
chrX	12473944	12474543	33.8213692
chrX	12510677	12511107	35.8790703
chrX	12665450	12665795	67.2956543
chrX	12666333	12666923	61.8915253
chrX	12750692	12751605	113.6122665
chrX	13131116	13131645	88.6975403
chrX	13251363	13251660	37.1212120
chrX	13640182	13640773	79.9983063
chrX	13739389	13739760	72.7008057
chrX	14208388	14208712	39.5246925
chrX	14218058	14218379	57.9003105
chrX	14612165	14612868	32.9829292
chrX	14717208	14717782	43.0662003
chrX	14882794	14883079	56.0280685
chrX	15298222	15298881	46.5811844
chrX	15323235	15323736	39.0039902
chrX	15554288	15554584	49.7432442
chrX	15579643	15579916	51.2820511
chrX	15670948	15671594	29.9133129
chrX	15697879	15698141	65.5190811
chrX	15867825	15868156	114.9093628
chrX	16104967	16105385	71.7177048
chrX	16332832	16333256	54.5849075
chrX	16359026	16359321	49.4711876
chrX	16552240	16553096	34.6214943
chrX	16691538	16691768	64.2260895
chrX	16811212	16811505	51.6040955
chrX	17702768	17703125	50.3249283
chrX	17844673	17844980	59.2052116
chrX	17880155	17880579	46.7665100
chrX	18507085	18507506	46.8076019
chrX	18951310	18951817	38.8974342
chrX	19155069	19155366	74.0639725
chrX	19156084	19156370	62.0629387
chrX	19289386	19289653	58.1460686
chrX	19298075	19298497	64.5023727
chrX	19322127	19322606	50.5594978
chrX	19597605	19598264	42.0789070
chrX	19668481	19668736	63.5607834
chrX	19693166	19693694	41.9071960
chrX	19848384	19848789	45.6123466
chrX	19850552	19851176	43.2435913
chrX	20654763	20655429	45.1786804
chrX	21052907	21053519	36.8169937
chrX	21054170	21054559	73.7609253
chrX	21367526	21368024	52.9016075
chrX	21593971	21594200	51.5240173
