chr2L	414580	415133	16.0235081
chr2L	845377	845755	18.3650799
chr2L	867249	867672	18.6643028
chr2L	870766	871384	18.3592224
chr2L	1072124	1072652	19.7859840
chr2L	1632665	1633034	26.6124668
chr2L	1638418	1639197	19.3286266
chr2L	1642890	1643572	17.5410557
chr2L	2200903	2201559	12.6707315
chr2L	2202094	2202585	22.9205704
chr2L	2374337	2374812	17.3157902
chr2L	2433495	2433847	15.7329550
chr2L	3153227	3153652	25.3058815
chr2L	3301831	3302618	32.6149940
chr2L	3354611	3355194	17.7770157
chr2L	3655605	3655995	26.6461544
chr2L	3832349	3832710	22.2216072
chr2L	4332876	4333269	19.5419846
chr2L	4458085	4458516	20.0533638
chr2L	4837665	4838207	29.1992626
chr2L	4981265	4981781	18.0077515
chr2L	4997396	4997978	33.0292091
chr2L	5005004	5005338	24.9371262
chr2L	5342240	5342806	18.9328613
chr2L	6051209	6051604	17.3341770
chr2L	6065798	6066297	27.4048100
chr2L	6610666	6611068	22.8706474
chr2L	6612313	6613009	42.8074722
chr2L	6646884	6647410	26.3897343
chr2L	6647874	6648585	19.4064693
chr2L	6786752	6787403	21.1674347
chr2L	7188411	7188881	15.3446808
chr2L	7194245	7194713	17.4273510
chr2L	7925436	7925736	18.4333324
chr2L	8159456	8160039	19.4802742
chr2L	8212829	8213253	30.3891506
chr2L	8277452	8278058	20.4356441
chr2L	8292487	8292860	17.1420918
chr2L	8311136	8311536	14.9274998
chr2L	8376525	8377219	16.9827099
chr2L	8958093	8958461	14.5951090
chr2L	8997230	8997784	27.3898926
chr2L	9567365	9567882	28.7659569
chr2L	9568245	9568960	28.6195812
chr2L	10009953	10010425	25.6631355
chr2L	10200810	10201323	27.6998043
chr2L	10474263	10474642	16.2638531
chr2L	11106632	11107139	23.2642994
chr2L	11816279	11816781	22.1673298
chr2L	13373808	13374273	25.3870964
chr2L	13394819	13395328	26.4891949
chr2L	13835094	13835970	25.3847027
chr2L	13904419	13904820	21.4164581
chr2L	14023875	14024739	26.9652786
chr2L	14502587	14503006	21.3126488
chr2L	16325264	16326226	17.8918915
chr2L	16533095	16533435	26.8676472
chr2L	16535248	16535637	16.7429314
chr2L	16535746	16536181	17.8114948
chr2L	16716082	16716571	19.0000000
chr2L	18325072	18325563	14.8859472
chr2L	18604892	18605305	24.8305092
chr2L	19008961	19009538	25.1646442
chr2L	19164890	19165416	25.3384037
chr2L	19444685	19445164	21.7348652
chr2L	19528307	19528688	23.6640415
chr2L	19533214	19533654	17.5409088
chr2L	19865453	19865838	22.5298710
chr2L	20987505	20987775	17.3703709
chr2L	21009361	21009823	13.6709957
chr2L	21794780	21795122	27.0877190
chr2L	21867282	21867640	20.6871510
chr2R	6220295	6221128	17.7983189
chr2R	6974861	6975315	18.8259907
chr2R	7028384	7028916	17.6484966
chr2R	7045028	7045928	19.5599995
chr2R	7665336	7665775	18.8109341
chr2R	7722710	7723156	21.7197304
chr2R	8014220	8014592	26.8413982
chr2R	8060778	8061231	27.1479034
chr2R	8068393	8068839	21.8430500
chr2R	8251558	8251859	16.1827240
chr2R	9095040	9095451	19.5158157
chr2R	9121972	9122450	32.2615051
chr2R	9138563	9139119	25.1510792
chr2R	9546977	9547407	41.5000000
chr2R	9565369	9565840	18.1252651
chr2R	9587043	9587379	21.2738094
chr2R	9588756	9589139	16.5587463
chr2R	9959466	9960232	27.9738903
chr2R	10056391	10056715	17.5956783
chr2R	10230432	10231007	13.3078260
chr2R	10271202	10271589	19.6330757
chr2R	10808190	10808624	31.3755760
chr2R	11222271	11222907	17.8490562
chr2R	11289091	11289399	22.3441563
chr2R	11661373	11661948	16.2052174
chr2R	11791608	11792089	16.7068615
chr2R	12027624	12028211	17.3066444
chr2R	12435578	12436198	21.0580654
chr2R	12760613	12761171	18.2526875
chr2R	12958029	12958556	18.5635681
chr2R	12975437	12975797	20.0083332
chr2R	12984968	12985333	19.1041088
chr2R	13035145	13035519	42.3262024
chr2R	13158321	13158682	20.8919659
chr2R	14024957	14025513	15.2104321
chr2R	14216330	14216787	16.3238506
chr2R	14309858	14310397	17.2337666
chr2R	14917720	14918097	16.9442978
chr2R	14992113	14992440	19.3853207
chr2R	15127912	15129078	21.6878223
chr2R	15217420	15218144	28.7182312
chr2R	15339236	15340053	12.8751526
chr2R	15678985	15679479	18.5303650
chr2R	15762293	15762651	20.1508389
chr2R	15869047	15869581	14.3857679
chr2R	15992257	15992732	20.0736847
chr2R	16206313	16206730	23.0383701
chr2R	16608295	16608940	14.9255810
chr2R	16814985	16815546	23.2245998
chr2R	17568326	17568930	21.1241722
chr2R	17804744	17805156	16.8519421
chr2R	19137045	19137475	21.9116287
chr2R	19293504	19293934	19.3162785
chr2R	20884122	20884825	25.6500702
chr2R	21199951	21200606	15.8931293
chr2R	21250669	21251692	17.5454540
chr2R	21364014	21364623	15.1970444
chr2R	21497008	21497629	21.8196449
chr2R	22061540	22062085	24.1798172
chr2R	22395217	22395577	17.1333332
chr2R	22395793	22396126	19.0330334
chr2R	22397446	22397744	20.7885914
chr2R	22513932	22514540	42.9161186
chr2R	22802770	22803164	38.3604050
chr2R	22854109	22854590	18.4573803
chr2R	23593005	23593455	16.3111115
chr2R	23709627	23710230	22.9502487
chr2R	23850158	23850594	32.3463287
chr2R	23884553	23885107	16.5703964
chr2R	23978117	23978854	25.5196743
chr2R	24045179	24045657	21.9811707
chr2R	24327602	24327960	21.8324032
chr2R	24350838	24351139	13.9401989
chr2R	24611419	24611847	24.2102795
chr2R	24793317	24793875	19.9516125
chr2R	24903728	24904308	25.4120693
chr2R	24940290	24940709	19.9140816
chr3L	634648	635044	21.3106060
chr3L	644131	644484	20.1869698
chr3L	653900	654521	16.4766502
chr3L	819528	819906	18.7248669
chr3L	1587394	1587785	20.1560097
chr3L	1645025	1645715	17.3666668
chr3L	1668488	1669041	26.6455688
chr3L	1746483	1747094	28.0196400
chr3L	1808683	1809014	18.9335346
chr3L	2257305	2257769	30.7478447
chr3L	2373418	2373989	23.8021011
chr3L	2587243	2587753	20.0156860
chr3L	3046055	3046795	17.8945942
chr3L	3060561	3061082	28.6449127
chr3L	3192834	3193468	23.9337540
chr3L	3249998	3250468	19.3085098
chr3L	3301289	3301664	17.5413342
chr3L	3394513	3394826	22.9169331
chr3L	3394895	3395246	25.4529915
chr3L	3785091	3785431	15.8058825
chr3L	4228207	4228526	24.1159878
chr3L	4541610	4542259	17.2295837
chr3L	4613082	4613612	18.4509430
chr3L	4624459	4625109	17.5707684
chr3L	5139293	5139726	39.6443405
chr3L	5186950	5187349	22.7192974
chr3L	5511829	5512344	19.2233009
chr3L	5583375	5583684	17.8252430
chr3L	6488320	6488853	17.9324570
chr3L	7133817	7134605	16.0837555
chr3L	7850825	7851370	18.0220184
chr3L	8137289	8138024	14.9442177
chr3L	8458146	8458559	27.4140434
chr3L	8600711	8601217	26.3339920
chr3L	8721050	8721511	25.0238609
chr3L	9383689	9384128	21.0387249
chr3L	9422692	9423385	24.3997116
chr3L	9426290	9427079	23.2065907
chr3L	9457585	9458099	30.2217903
chr3L	9744119	9744443	19.5401230
chr3L	9855767	9856141	16.3262024
chr3L	11084319	11085172	20.3868694
chr3L	11215121	11215627	15.1778660
chr3L	11353041	11353505	18.3297405
chr3L	12124896	12125349	23.4282570
chr3L	12514595	12515284	17.3846149
chr3L	12843088	12843429	23.8533726
chr3L	12913646	12913944	19.2483215
chr3L	13041591	13041993	23.5398006
chr3L	13938674	13939115	18.6326523
chr3L	14004859	14005492	19.0789890
chr3L	14111417	14111783	16.2732239
chr3L	14303710	14304273	19.3357010
chr3L	15136630	15136995	23.9205475
chr3L	15508037	15508545	24.9330711
chr3L	15982703	15983170	15.8072805
chr3L	16001370	16001703	18.1981983
chr3L	16128410	16128900	18.4673462
chr3L	16480383	16480754	25.7520218
chr3L	17433372	17433972	23.3633327
chr3L	17658405	17658759	20.7824860
chr3L	17999636	18000154	17.0096531
chr3L	19590340	19590840	49.0099983
chr3L	19902926	19903595	21.9118080
chr3L	20247481	20247868	19.1860466
chr3L	20399388	20399973	16.4461536
chr3L	20507926	20508632	17.2804527
chr3L	20526136	20526789	18.7794800
chr3L	20798406	20798851	19.4404488
chr3L	21171716	21172240	16.8740463
chr3L	21304359	21304952	30.3726807
chr3L	21728579	21729003	18.7853775
chr3L	21840004	21840858	17.2669792
chr3L	22075802	22076284	21.2116184
chr3L	22878506	22879104	37.0150490
chr3R	5010024	5010512	19.3463116
chr3R	5113064	5113474	26.5560970
chr3R	5215307	5215715	27.8455887
chr3R	5283421	5283868	22.9642067
chr3R	5791376	5791976	26.2099991
chr3R	6416238	6416606	18.1739140
chr3R	7067120	7067410	20.2758617
chr3R	7127972	7128317	20.6695652
chr3R	7346514	7346841	18.8562698
chr3R	7473565	7474211	23.7910213
chr3R	7506192	7506761	16.3268890
chr3R	7810031	7810546	21.1533985
chr3R	8355521	8355907	23.1347141
chr3R	8650626	8651251	27.2304001
chr3R	8669010	8669736	25.0674934
chr3R	8811287	8811935	28.1080246
chr3R	9404048	9404470	19.6635075
chr3R	9434569	9435281	17.5646076
chr3R	9528426	9528907	20.2411652
chr3R	9534120	9534691	21.0770569
chr3R	9573825	9574564	19.0202980
chr3R	9577431	9578044	20.8482876
chr3R	9771330	9771870	16.3185177
chr3R	10268492	10268797	16.2393436
chr3R	10415846	10416312	16.5364799
chr3R	10681011	10681362	19.8290596
chr3R	11216205	11216558	23.2436256
chr3R	11226510	11226845	17.6805973
chr3R	11421728	11422124	21.6641407
chr3R	11562176	11562905	25.2798347
chr3R	11649345	11650056	20.6455688
chr3R	11656607	11657088	20.6424122
chr3R	11849621	11850014	18.4223919
chr3R	12121098	12121544	15.0493269
chr3R	12402989	12403333	23.1947670
chr3R	12448945	12449419	34.4282684
chr3R	13364226	13365156	14.9881716
chr3R	14053469	14053837	15.1929350
chr3R	14373105	14373598	16.9249496
chr3R	14558349	14558892	19.1031303
chr3R	14654930	14655520	22.1101704
chr3R	14738287	14738925	17.4090900
chr3R	15087626	15087949	21.0433445
chr3R	15229316	15229785	46.0660973
chr3R	15275036	15275598	17.2651253
chr3R	16247632	16248136	22.0376987
chr3R	16280545	16280939	31.9289341
chr3R	16798558	16799109	17.1978226
chr3R	16986441	16987002	16.2869873
chr3R	17064885	17065583	18.5573063
chr3R	17391242	17391648	20.5837440
chr3R	17704229	17704639	33.8634148
chr3R	17781459	17781762	13.9900990
chr3R	17919066	17919429	21.9421482
chr3R	18220240	18220558	22.0660381
chr3R	18573669	18574286	16.6110210
chr3R	18719792	18720175	14.5953007
chr3R	19403083	19403472	17.6786633
chr3R	19460666	19461045	16.7467022
chr3R	20035860	20036322	21.6385288
chr3R	20821807	20822351	21.8602943
chr3R	21097616	21098080	17.4461212
chr3R	21112817	21113489	17.9702377
chr3R	21365252	21365675	19.7234039
chr3R	21520222	21520608	19.2694302
chr3R	21870128	21870717	23.6536503
chr3R	23175501	23175799	18.6510067
chr3R	23757790	23758422	20.6851273
chr3R	23781391	23782026	17.9196854
chr3R	24193250	24193754	15.1607141
chr3R	24259829	24260201	21.4731178
chr3R	24543042	24543371	16.3677807
chr3R	24572498	24573035	18.8864059
chr3R	24768828	24769178	18.3828564
chr3R	24810915	24811314	16.4160404
chr3R	25024716	25025416	15.8857145
chr3R	25232324	25232900	15.1371527
chr3R	25247151	25247864	30.3674622
chr3R	25258632	25258989	25.2745094
chr3R	25472858	25473611	25.1314735
chr3R	25646813	25647241	20.0350475
chr3R	25684854	25685253	15.5162907
chr3R	25738020	25738332	21.9807701
chr3R	26042073	26042710	20.5086346
chr3R	26866477	26866912	22.2758617
chr3R	27280994	27281368	20.8903751
chr3R	27569750	27570102	23.0170460
chr3R	29214238	29214706	35.7371788
chr3R	29219934	29220364	22.8697681
chr3R	29736663	29737051	22.7396908
chr3R	30043169	30043525	30.9719105
chr3R	30045895	30046989	42.2979889
chr3R	30060902	30061609	33.4625168
chr3R	30540194	30540565	21.0323448
chr3R	30781612	30782117	18.4118805
chr3R	30813864	30814145	18.1601429
chr3R	30817323	30817643	14.2937498
chr3R	31383997	31384505	21.7933064
chr3R	31404474	31404821	35.2536011
chr3R	31588367	31588708	16.4926682
chr3R	31615965	31616376	25.4282246
chr4	424458	425011	18.7450275
chr4	807397	807810	18.9225178
chr4	1112906	1113571	20.7112789
chrX	686364	687009	15.8620157
chrX	755899	756374	15.6315794
chrX	764891	765368	21.8553467
chrX	934995	935621	23.5079880
chrX	1275099	1275793	23.8616714
chrX	1830379	1831332	23.0692558
chrX	1947541	1947894	19.9263458
chrX	1951746	1952113	23.0708447
chrX	1963783	1964136	19.0424938
chrX	2050050	2050506	27.5745621
chrX	2295996	2296709	18.4642353
chrX	2297526	2298069	24.4677715
chrX	2300526	2300906	20.7789478
chrX	2589382	2589891	18.0039291
chrX	2703540	2704107	47.6402130
chrX	2744055	2744421	18.1338806
chrX	2786616	2787008	13.6173468
chrX	3085585	3086209	10.6923075
chrX	3096927	3097460	16.8180103
chrX	3162196	3162936	16.8797302
chrX	3205892	3206275	15.0992165
chrX	3381772	3382086	11.3885355
chrX	3774258	3774774	16.3139534
chrX	4324584	4325211	22.4864426
chrX	4666746	4667304	23.1182804
chrX	4909990	4910630	29.7906246
chrX	4939717	4940128	18.5717754
chrX	5083540	5084005	19.2731190
chrX	5696305	5697028	29.1410789
chrX	5895993	5896444	14.3747225
chrX	5899994	5900702	21.1963272
chrX	5918580	5919234	20.4204884
chrX	6000943	6001262	13.3103447
chrX	6265368	6265795	17.0749416
chrX	6330385	6331065	12.6441174
chrX	6549712	6550064	19.9005680
chrX	6599277	6599615	14.7278109
chrX	6601688	6602269	14.5972462
chrX	6656146	6656433	14.8013935
chrX	6679064	6679764	15.5114288
chrX	6794219	6794530	16.1028938
chrX	6852636	6853024	20.6030922
chrX	6969247	6969876	16.1176472
chrX	7014921	7015341	14.0547619
chrX	7241880	7242348	15.5641022
chrX	7293523	7293994	17.6263275
chrX	7324639	7325351	15.1587076
chrX	7336100	7336587	18.6221771
chrX	7336840	7337502	19.7854977
chrX	7698241	7698879	15.0736675
chrX	7703628	7704031	14.7766752
chrX	7706851	7707256	15.8962965
chrX	7708742	7709403	14.9167929
chrX	8143578	8143905	16.9051991
chrX	8627217	8627560	13.3965015
chrX	8681213	8681564	18.1794872
chrX	8709262	8709654	19.1352043
chrX	8714425	8715021	13.5721474
chrX	9486834	9487199	16.1287670
chrX	9553479	9554028	13.9125681
chrX	9554392	9555016	15.7067308
chrX	9579123	9579468	28.1362324
chrX	9585246	9585695	22.6681519
chrX	9645919	9646437	20.0057907
chrX	9650778	9651151	14.9651470
chrX	9687218	9688403	13.5662451
chrX	10547004	10547531	14.3605309
chrX	10737485	10737833	17.8333340
chrX	11423126	11423537	16.9610710
chrX	11452920	11453235	16.7365074
chrX	11818439	11818787	24.1551723
chrX	11857591	11857873	15.5354614
chrX	12579496	12579883	23.5865631
chrX	12735236	12736041	17.8583851
chrX	12754234	12754663	15.8601398
chrX	13131078	13131575	29.3802814
chrX	13337391	13337858	18.0342617
chrX	13640275	13640864	23.7996597
chrX	13640962	13641721	22.7404480
chrX	14237992	14238472	17.8729172
chrX	14950509	14951197	11.8139534
chrX	15022233	15022588	17.2366199
chrX	15074730	15075354	16.1538467
chrX	15579626	15579982	19.7668533
chrX	15844041	15844578	14.1992550
chrX	15867753	15868189	23.9678898
chrX	16090194	16090564	16.8891888
chrX	16332785	16333189	21.9975243
chrX	16691480	16691805	15.7353849
chrX	16751455	16752125	17.5611935
chrX	16811200	16811554	17.1525421
chrX	17178419	17178903	13.8842974
chrX	17631983	17632371	16.1134014
chrX	17702748	17703090	15.2660818
chrX	17880113	17880706	17.7605400
chrX	18546813	18547090	15.0252705
chrX	19018090	19018407	13.2397480
chrX	19155043	19155378	17.5820904
chrX	19289362	19289674	13.8205128
chrX	19597622	19598305	16.6939964
chrX	19668387	19668880	19.6977692
chrX	19846929	19847331	22.0049744
chrX	19850450	19850845	20.2886066
chrX	19889427	19889766	17.9410038
chrX	20760353	20760853	15.4359999
chrX	21053072	21053521	15.6837416
chrX	21054080	21054518	30.3652973
chrX	21339411	21339783	14.9677420
chrX	21367569	21368099	18.4716988
chrX	21593882	21594242	15.3444443
