chr2L	223334	223811	139.614
chr2L	224628	225097	120.906
chr2L	267437	267971	230.567
chr2L	297481	298135	165.731
chr2L	414645	415164	106.297
chr2L	441944	442299	126.794
chr2L	485457	486270	113.252
chr2L	512035	512402	129.431
chr2L	516054	516572	88.3069
chr2L	520645	521136	137.587
chr2L	522752	523298	84.4304
chr2L	574001	574643	98.0093
chr2L	715189	715784	115.879
chr2L	819373	820074	104.626
chr2L	845333	845754	170.501
chr2L	1074515	1074917	128.49
chr2L	1075647	1076118	181.301
chr2L	1128983	1129383	132.942
chr2L	1169794	1170221	95.9555
chr2L	1172716	1173081	161.112
chr2L	1185547	1185935	223.827
chr2L	1426586	1427149	102.041
chr2L	1575547	1576155	85.1266
chr2L	1590192	1590508	204.975
chr2L	1611138	1611716	104.112
chr2L	1620796	1621346	66.3491
chr2L	1624578	1625200	64.9727
chr2L	1634144	1634635	120.758
chr2L	2147212	2147633	252.981
chr2L	2221583	2222403	273.54
chr2L	2374011	2374984	117.034
chr2L	2380752	2381204	277.723
chr2L	2433479	2433837	183.654
chr2L	2492673	2493191	86.7046
chr2L	2748473	2749166	192.014
chr2L	2759530	2759991	228.701
chr2L	2765387	2765959	173.066
chr2L	2874482	2875106	96.1058
chr2L	2896745	2897506	105.619
chr2L	2976788	2977196	135.392
chr2L	2987147	2988206	117.584
chr2L	3037172	3037576	252.708
chr2L	3086373	3087000	102.547
chr2L	3348059	3348719	117.773
chr2L	3354782	3355316	343.191
chr2L	3376696	3377105	135.768
chr2L	3436945	3437359	102.611
chr2L	3440273	3440668	136.144
chr2L	3444813	3445382	75.6538
chr2L	3456860	3457358	89.6606
chr2L	3472260	3472683	104.007
chr2L	3655597	3656059	288.913
chr2L	3703258	3703651	98.0789
chr2L	3754700	3755521	61.6151
chr2L	3785982	3786614	116.94
chr2L	3789198	3790007	99.6205
chr2L	3832239	3832748	209.882
chr2L	3896783	3897109	134.583
chr2L	4030478	4030822	173.206
chr2L	4053231	4053808	102.421
chr2L	4093753	4094140	137.251
chr2L	4119027	4119325	140.158
chr2L	4124967	4125317	78.3686
chr2L	4583270	4583770	112.904
chr2L	4820791	4822036	95.8594
chr2L	4837608	4838126	413.485
chr2L	4850331	4850752	309.938
chr2L	4907711	4908368	94.5662
chr2L	4945213	4945685	281.335
chr2L	4976940	4977487	172.303
chr2L	4981140	4981830	213.577
chr2L	4999644	5000323	93.5714
chr2L	5004855	5005368	221.386
chr2L	5086757	5087872	74.3103
chr2L	5145501	5145967	151.888
chr2L	5293085	5293499	112.266
chr2L	5299280	5299626	123.775
chr2L	5425366	5425733	119.286
chr2L	5523869	5524380	130.566
chr2L	5546341	5546959	143.358
chr2L	5971922	5972349	111.091
chr2L	6062655	6063080	154.642
chr2L	6065887	6066325	613.934
chr2L	6455682	6456339	86.6591
chr2L	6561358	6562383	222.546
chr2L	6610575	6611186	96.9264
chr2L	6612365	6613126	610.13
chr2L	6647035	6647708	231.486
chr2L	6647978	6648564	194.217
chr2L	6698379	6698743	90.7912
chr2L	6922481	6922750	123.045
chr2L	6964020	6964443	101.478
chr2L	7147949	7148487	122.887
chr2L	7148781	7149268	89.0287
chr2L	7150627	7151120	92.1623
chr2L	7194328	7194767	268.171
chr2L	7295841	7296386	84.0642
chr2L	7332748	7333250	105.645
chr2L	7395645	7396353	92.9831
chr2L	7396886	7397416	123.226
chr2L	7433780	7434427	104.127
chr2L	7530179	7530993	232.084
chr2L	7534978	7535270	159.599
chr2L	7547066	7547442	116.59
chr2L	7564905	7565225	107.7
chr2L	7925383	7925787	216.134
chr2L	7964297	7964904	96.8962
chr2L	8034760	8035062	114.192
chr2L	8212814	8213209	525.676
chr2L	8266165	8266468	120.858
chr2L	8277566	8278056	425.865
chr2L	8310746	8311576	99.2482
chr2L	8376580	8377088	400.004
chr2L	8384108	8384514	254.493
chr2L	8463154	8463506	151.841
chr2L	8464176	8464555	121.464
chr2L	8514779	8515121	175.222
chr2L	8534522	8536231	170.032
chr2L	8602628	8603345	78.7336
chr2L	8717335	8718118	141.812
chr2L	8936962	8937358	140.419
chr2L	8950987	8951634	263.187
chr2L	8984751	8985317	205.638
chr2L	9166435	9166838	163.109
chr2L	9168313	9168747	111.979
chr2L	9430850	9431492	210.793
chr2L	9498155	9498508	139.363
chr2L	9520807	9521258	329.949
chr2L	9564518	9564929	91
chr2L	9568183	9569290	216.473
chr2L	9569672	9570380	180.473
chr2L	9633823	9634154	144.088
chr2L	9660428	9660929	122.637
chr2L	9700511	9700849	134.559
chr2L	9921349	9921673	110.38
chr2L	9954103	9954545	212.063
chr2L	9956751	9957473	232.785
chr2L	9966852	9967654	92.6796
chr2L	10009765	10010358	211.966
chr2L	10057287	10057584	151.684
chr2L	10200850	10201300	203.298
chr2L	10375743	10376278	114.293
chr2L	10381924	10382276	204.864
chr2L	10386269	10386653	108.812
chr2L	10413337	10414177	87.2607
chr2L	10430846	10431319	115.647
chr2L	10527222	10527716	150.198
chr2L	10616793	10617157	121.648
chr2L	10665441	10665989	147.735
chr2L	10697911	10698327	103.584
chr2L	10703328	10703788	100.785
chr2L	10736915	10737631	116.718
chr2L	10987299	10987843	174.285
chr2L	11057799	11058219	199.66
chr2L	11106612	11107053	424.497
chr2L	11123548	11123887	140.059
chr2L	11323922	11324443	83.7735
chr2L	11816336	11816742	139.411
chr2L	12103256	12103762	156.763
chr2L	12427611	12428097	139.872
chr2L	12483744	12484115	185.337
chr2L	12704421	12704957	145.366
chr2L	12720962	12721357	90.8481
chr2L	12721819	12722325	107.99
chr2L	13083478	13084089	161.807
chr2L	13145076	13145410	174.344
chr2L	13191946	13192276	162.715
chr2L	13222328	13222588	126.531
chr2L	13365943	13366458	88.7981
chr2L	13368936	13369286	164.743
chr2L	13373737	13374239	302.016
chr2L	13387245	13387637	306.031
chr2L	13394919	13395416	138.085
chr2L	13514373	13515328	144.889
chr2L	13835068	13835778	517.763
chr2L	13904311	13904866	202.859
chr2L	14361763	14362124	177.471
chr2L	14458022	14458712	116.557
chr2L	14461106	14461442	141.75
chr2L	14500450	14500957	107.531
chr2L	14546813	14547539	119.521
chr2L	14613265	14613914	116.399
chr2L	14615006	14615522	121.932
chr2L	14619642	14620101	89.7712
chr2L	14689157	14689728	356
chr2L	14706035	14706650	107.556
chr2L	14995477	14996596	143.479
chr2L	15009713	15010040	153.343
chr2L	15746723	15747374	161.445
chr2L	16257551	16258050	133.479
chr2L	16279678	16280187	144.191
chr2L	16492545	16493047	127.719
chr2L	16495196	16495587	136.68
chr2L	16500366	16500856	194.586
chr2L	16535146	16536210	137.032
chr2L	16620385	16620877	101.488
chr2L	16647812	16648222	95.339
chr2L	16656701	16657141	158.509
chr2L	16715938	16716638	212.677
chr2L	16816025	16816795	124.784
chr2L	17378618	17379459	171.021
chr2L	17480631	17481316	293.28
chr2L	17484219	17484556	247.715
chr2L	17514092	17514440	171.408
chr2L	18145278	18145687	129.044
chr2L	18184744	18185326	96.1289
chr2L	18325118	18325517	180.837
chr2L	18328632	18329111	87.0021
chr2L	18604742	18605355	257.447
chr2L	18621759	18622091	156.268
chr2L	18708528	18708908	270.034
chr2L	18957234	18957519	123.091
chr2L	18987293	18988127	79.1966
chr2L	19008965	19009716	110.361
chr2L	19044986	19045483	157.875
chr2L	19051532	19052283	94.1185
chr2L	19058907	19059240	128.826
chr2L	19131909	19132253	99.2558
chr2L	19164957	19165465	279.986
chr2L	19252386	19252798	87.4199
chr2L	19416353	19417001	123.961
chr2L	19444652	19445598	131.32
chr2L	19528322	19528699	305.515
chr2L	19533088	19533597	113.118
chr2L	19583779	19584493	74.0168
chr2L	19758297	19758907	164.284
chr2L	19865441	19865827	249.736
chr2L	19869935	19870307	141.172
chr2L	20091092	20091781	163.988
chr2L	20120530	20121232	148.954
chr2L	20266751	20267801	64.1057
chr2L	20414928	20415185	115.315
chr2L	20494621	20495143	125.071
chr2L	20655950	20656461	120.875
chr2L	20787217	20787921	139.653
chr2L	20799975	20800288	145.629
chr2L	20805883	20806399	223.506
chr2L	20921910	20922690	89.3192
chr2L	20987517	20987943	106.101
chr2L	21038449	21039047	89.5987
chr2L	21158484	21158909	130.009
chr2L	21168245	21168800	96.3261
chr2L	21786874	21787386	86.0312
chr2L	21867318	21867639	230.938
chr2R	5122152	5122573	106.957
chr2R	6052737	6053007	138.993
chr2R	6076274	6077312	132.616
chr2R	6151114	6151578	131.877
chr2R	6632900	6633426	117.394
chr2R	6809658	6810145	126.322
chr2R	6923081	6923478	144.763
chr2R	7028393	7028868	183.573
chr2R	7044992	7045898	239.305
chr2R	7061706	7062123	105.935
chr2R	7489055	7489404	102.542
chr2R	7496075	7496608	102.126
chr2R	7499826	7500213	120.46
chr2R	7565352	7565785	100.577
chr2R	7665342	7665727	162.083
chr2R	7722725	7723181	234.096
chr2R	7782439	7783218	124.223
chr2R	7812221	7812715	105.126
chr2R	7824899	7825535	114.178
chr2R	7895896	7896596	74.6257
chr2R	8014244	8014551	274.371
chr2R	8060622	8061583	271.327
chr2R	8068272	8068878	122.66
chr2R	8098333	8098716	230.794
chr2R	8164560	8164952	169.008
chr2R	8178158	8178565	167.644
chr2R	8251555	8251883	158.305
chr2R	8462327	8463050	121.495
chr2R	8601174	8601793	111.717
chr2R	8669019	8669664	98.8822
chr2R	8723749	8724267	119.28
chr2R	8734480	8734892	88.9757
chr2R	8759244	8759846	80.9568
chr2R	9068350	9069065	89.0853
chr2R	9087560	9087883	106.136
chr2R	9094782	9095421	146.814
chr2R	9121994	9122439	615.652
chr2R	9177197	9177722	246.787
chr2R	9278892	9279402	148.278
chr2R	9388455	9389156	75.0799
chr2R	9445751	9446086	120.74
chr2R	9588724	9589089	293.458
chr2R	9942755	9943135	164.855
chr2R	9959527	9960135	388.569
chr2R	10056216	10056717	201.88
chr2R	10230615	10231070	155.686
chr2R	10557539	10558166	72.7831
chr2R	10730984	10731639	180.052
chr2R	10808180	10808595	116.2
chr2R	10823278	10823658	147.684
chr2R	10879489	10880160	230.495
chr2R	11194487	11195257	170.296
chr2R	11195538	11196169	120.764
chr2R	11206778	11207616	96.4475
chr2R	11289089	11289759	149.973
chr2R	11600351	11601267	122.143
chr2R	11614880	11615308	96.4229
chr2R	11635400	11636494	182.012
chr2R	11791666	11792037	219.48
chr2R	11885599	11886080	157.457
chr2R	11891824	11892386	115.431
chr2R	11985402	11985969	188.252
chr2R	11988504	11989127	125.494
chr2R	12027384	12028234	236.615
chr2R	12101946	12102477	85.6817
chr2R	12178514	12178828	114.51
chr2R	12326012	12326442	164.847
chr2R	12435657	12436229	284.084
chr2R	12547548	12548285	91.8318
chr2R	12869316	12869747	115.582
chr2R	12959042	12959703	223.283
chr2R	12975378	12975927	172.534
chr2R	12984279	12985462	155.584
chr2R	13158081	13158690	164.768
chr2R	13192138	13192634	115.323
chr2R	13223123	13224194	178.292
chr2R	13230180	13230558	132.087
chr2R	13261669	13262386	119.626
chr2R	13295582	13296447	134.872
chr2R	13338075	13338600	97.7619
chr2R	13466869	13467195	84.3405
chr2R	13472038	13472869	159.546
chr2R	13499533	13500175	147.96
chr2R	13823871	13824892	83.9647
chr2R	13983167	13983819	96.4156
chr2R	13990349	13991458	80.8341
chr2R	14024940	14025416	248.553
chr2R	14157408	14157833	377.209
chr2R	14161203	14161478	112.727
chr2R	14239628	14239951	118.164
chr2R	14255828	14256509	173.819
chr2R	14270068	14270750	138.765
chr2R	14284251	14284737	120.92
chr2R	14307234	14308264	77.5825
chr2R	14309833	14310443	120.308
chr2R	14517911	14518674	84.9594
chr2R	14624532	14624915	110.415
chr2R	14770117	14771032	97.2831
chr2R	14852564	14852992	206.991
chr2R	14854799	14855599	131.499
chr2R	14917541	14918251	151.063
chr2R	14935197	14935860	85.1644
chr2R	14992115	14992502	292.848
chr2R	15127877	15128879	232.516
chr2R	15213573	15213952	218.317
chr2R	15217417	15217913	674.841
chr2R	15290745	15291359	108.257
chr2R	15308001	15308539	96.3606
chr2R	15311063	15311551	108.236
chr2R	15477655	15478225	96.2649
chr2R	15678922	15679619	148.813
chr2R	15784505	15785358	71.2474
chr2R	15886789	15887328	125.163
chr2R	15930223	15930729	116.059
chr2R	15992311	15992739	607.313
chr2R	16007575	16007965	162.156
chr2R	16098253	16099075	91.8881
chr2R	16109980	16110696	94.3911
chr2R	16148524	16149037	152.528
chr2R	16160480	16160941	169.009
chr2R	16186208	16186585	122.573
chr2R	16206308	16206622	137.885
chr2R	16210850	16211367	165.627
chr2R	16249709	16250209	141.702
chr2R	16594326	16594980	146.853
chr2R	16684439	16684902	112.542
chr2R	16691281	16691563	108.691
chr2R	16724976	16725322	201.671
chr2R	16800109	16800487	102.074
chr2R	16846955	16847595	93.6984
chr2R	17005093	17005473	146.645
chr2R	17262420	17262966	231.258
chr2R	17265020	17265595	120.271
chr2R	17420677	17421441	176.979
chr2R	17421775	17422872	104.273
chr2R	17427401	17428012	158.633
chr2R	17478474	17478806	101.789
chr2R	17547398	17547833	159.747
chr2R	17568371	17568850	233.138
chr2R	17665452	17665850	167.116
chr2R	17733029	17733376	174.366
chr2R	17739330	17739956	124.923
chr2R	17760524	17760962	151.893
chr2R	17796459	17796924	96.7484
chr2R	17804612	17805148	140.026
chr2R	17854750	17855200	135.318
chr2R	17892814	17893204	107.051
chr2R	18184095	18184507	118.444
chr2R	18326484	18327188	111.239
chr2R	18338239	18338744	113.895
chr2R	18342923	18343350	94.0937
chr2R	18357065	18357647	195.33
chr2R	18413356	18414050	232.476
chr2R	18624947	18625362	177.535
chr2R	18638737	18639571	82.2074
chr2R	18671544	18671950	232.869
chr2R	18717611	18718180	83.3656
chr2R	18806664	18807058	149.467
chr2R	18874960	18875473	166.135
chr2R	18881880	18882205	118.705
chr2R	19137080	19137735	141.913
chr2R	19144260	19144637	149.451
chr2R	19166225	19166671	103.119
chr2R	19205235	19205609	126.104
chr2R	19293175	19294029	135.991
chr2R	19423119	19423460	244.974
chr2R	19496652	19497047	100.172
chr2R	19631540	19632578	187.192
chr2R	19805923	19806360	98.7597
chr2R	20007391	20007922	147.132
chr2R	20121666	20122122	171.544
chr2R	20531338	20531856	109.485
chr2R	20830871	20831315	107.52
chr2R	20884383	20884790	272.393
chr2R	20906602	20906916	107.354
chr2R	21143205	21143663	117.714
chr2R	21145801	21146226	127.292
chr2R	21170686	21171071	112.831
chr2R	21200031	21200550	215.642
chr2R	21372008	21372358	96.64
chr2R	21475473	21475949	142.697
chr2R	21501691	21502141	110.347
chr2R	21607085	21607599	80.3249
chr2R	21645768	21646353	214.439
chr2R	21669839	21670201	266.616
chr2R	21700486	21700944	111.393
chr2R	22061619	22062090	276.236
chr2R	22317363	22317850	110.727
chr2R	22395016	22396196	131.834
chr2R	22397404	22397848	157.579
chr2R	22513916	22514536	436.916
chr2R	22530949	22531275	107.113
chr2R	22605869	22606353	99.624
chr2R	22802556	22803214	293.891
chr2R	22925799	22926736	106.584
chr2R	22936655	22937873	118.15
chr2R	23064228	23064761	99.9606
chr2R	23066791	23067315	90.1565
chr2R	23376880	23377377	139.117
chr2R	23415305	23415923	130.599
chr2R	23428436	23428865	174.573
chr2R	23547822	23548525	83.1664
chr2R	23554452	23554818	111.56
chr2R	23574820	23575163	89.277
chr2R	23593010	23593544	119.704
chr2R	23709708	23710085	312
chr2R	23844690	23845051	187.23
chr2R	23850084	23850781	419.958
chr2R	23858541	23859023	137.996
chr2R	23884340	23885144	133.704
chr2R	23936197	23936608	104.572
chr2R	23967676	23967998	178.857
chr2R	23978256	23979075	321.875
chr2R	24048945	24049280	136.418
chr2R	24057624	24058127	116.837
chr2R	24067994	24069198	104.066
chr2R	24242719	24243278	88.025
chr2R	24319176	24319657	111.861
chr2R	24327571	24327994	354.281
chr2R	24329423	24329942	168.389
chr2R	24350815	24351161	162.324
chr2R	24539160	24539955	217.683
chr2R	24606662	24607309	140.683
chr2R	24611280	24611774	300.451
chr2R	24739740	24740389	78.9445
chr2R	24741934	24742273	99.7316
chr2R	24793238	24793921	173.922
chr2R	24903692	24904581	126.659
chr2R	24940207	24940902	153.22
chr2R	24942259	24943440	357.771
chr2R	25019480	25019992	86.4902
chr2R	25167107	25167690	112.684
chr3L	93949	94411	93.6667
chr3L	184310	184918	110.694
chr3L	199146	200290	109.718
chr3L	205785	206133	271.773
chr3L	347912	348603	98.0593
chr3L	350678	351000	178.866
chr3L	505883	506515	104.829
chr3L	547010	547433	127.721
chr3L	552913	553390	137.055
chr3L	557334	557655	112.897
chr3L	589183	589613	165.721
chr3L	644015	644873	106.451
chr3L	654029	654458	166.627
chr3L	680278	680589	155.415
chr3L	696562	697396	165.784
chr3L	711844	712612	145.704
chr3L	764268	764673	84.7901
chr3L	784080	784480	120.728
chr3L	790940	791623	72.448
chr3L	796962	797272	145.045
chr3L	802677	803416	120.264
chr3L	819509	820017	167.48
chr3L	837439	837927	158.51
chr3L	851062	851397	116.716
chr3L	857711	857988	174.697
chr3L	895441	896094	164.995
chr3L	917108	917575	88.863
chr3L	1007874	1008239	120.03
chr3L	1299992	1300725	106.91
chr3L	1334528	1335259	124.599
chr3L	1368047	1368513	120.206
chr3L	1375996	1376853	68.1365
chr3L	1378854	1379437	98.7787
chr3L	1442654	1443293	97.795
chr3L	1479152	1479639	80.6632
chr3L	1517392	1517995	78.7877
chr3L	1536612	1537349	81.8141
chr3L	1558224	1558941	94.5649
chr3L	1583928	1584559	76.0491
chr3L	1639374	1639741	167.561
chr3L	1645142	1645513	262.544
chr3L	1668031	1668926	117.876
chr3L	1740116	1740488	174.288
chr3L	1746452	1747204	268.722
chr3L	1808696	1809035	271.342
chr3L	1886072	1886595	120.511
chr3L	1963026	1963591	112.487
chr3L	2161652	2162810	77.0933
chr3L	2257277	2258080	303.674
chr3L	2262582	2262955	203.354
chr3L	2371930	2372247	131.416
chr3L	2373388	2373816	503.811
chr3L	2494067	2494619	166.929
chr3L	2501894	2502188	146.823
chr3L	2582896	2583356	138.807
chr3L	2584003	2584571	119.96
chr3L	2651801	2652380	129.8
chr3L	2733080	2733536	116.215
chr3L	2773860	2774484	205.447
chr3L	2806030	2806416	199.15
chr3L	2822948	2823365	88.8345
chr3L	2851811	2852132	113.676
chr3L	3042661	3043006	114.786
chr3L	3046180	3046785	221.952
chr3L	3060435	3061110	328.566
chr3L	3080316	3082008	178.388
chr3L	3106984	3107351	121.297
chr3L	3194051	3194439	241.165
chr3L	3198927	3199398	114.397
chr3L	3222776	3223434	138.483
chr3L	3249937	3250625	160.343
chr3L	3301116	3301731	129.972
chr3L	3302928	3303472	224.756
chr3L	3319217	3319605	103.575
chr3L	3377789	3378317	128.405
chr3L	3381694	3382808	113.115
chr3L	3485106	3485694	75.068
chr3L	3616327	3616694	106.131
chr3L	3785021	3785831	86.4432
chr3L	3786736	3787170	91.6406
chr3L	3824767	3825384	97.6807
chr3L	3826539	3826964	155.536
chr3L	3928513	3929111	111.281
chr3L	4040236	4040605	160.721
chr3L	4070400	4071275	179.451
chr3L	4228137	4228585	271.692
chr3L	4230037	4230932	110.57
chr3L	4259118	4259503	117.158
chr3L	4269856	4270264	121.434
chr3L	4406615	4407010	153.367
chr3L	4613053	4613496	233.916
chr3L	4624557	4625085	159.652
chr3L	4698069	4698508	99.5216
chr3L	4824574	4825134	91.4036
chr3L	5139203	5139795	284.779
chr3L	5154930	5155317	159.398
chr3L	5186814	5187864	131.57
chr3L	5277706	5278310	147.932
chr3L	5355308	5355703	244.068
chr3L	5511972	5512338	140.503
chr3L	5554428	5554712	130.366
chr3L	5577467	5578198	265.967
chr3L	5976232	5977087	198.632
chr3L	6071493	6071813	124.987
chr3L	6094658	6095083	167.744
chr3L	6181843	6182178	136.406
chr3L	6184906	6185575	145.097
chr3L	6189580	6189998	100.502
chr3L	6262626	6263238	175.887
chr3L	6467593	6468305	91.9635
chr3L	6488381	6488771	412.044
chr3L	6552759	6553402	140.263
chr3L	6576604	6577252	89.8287
chr3L	6705729	6706247	86.8629
chr3L	6709005	6709332	145.602
chr3L	6777586	6778018	108.718
chr3L	6816271	6816712	154.426
chr3L	6823615	6824175	90.8446
chr3L	6853427	6854181	65.6207
chr3L	6955891	6956356	191.067
chr3L	6988908	6989912	145.76
chr3L	7008196	7008705	85.9646
chr3L	7090802	7091151	156.642
chr3L	7133912	7134647	124.755
chr3L	7250509	7250937	118.951
chr3L	7323339	7323659	157.653
chr3L	7328794	7329271	147.109
chr3L	7718443	7719347	208.508
chr3L	7850565	7851261	130.651
chr3L	7903675	7904237	119.646
chr3L	7975925	7976475	169.262
chr3L	8024591	8025163	114.519
chr3L	8127602	8128200	169.86
chr3L	8137491	8137874	125.875
chr3L	8299631	8300122	137.619
chr3L	8315489	8315760	119.878
chr3L	8547094	8547508	151.227
chr3L	8600775	8601395	153.477
chr3L	8721050	8721529	299.476
chr3L	8996234	8996519	125.667
chr3L	9045291	9045863	88.6958
chr3L	9057534	9058266	109.25
chr3L	9377188	9377714	101.69
chr3L	9383683	9384326	281.266
chr3L	9422706	9423470	255.442
chr3L	9426492	9427103	392.565
chr3L	9457584	9458296	287.725
chr3L	9460779	9461077	154.322
chr3L	9696701	9697042	165.038
chr3L	9855672	9856851	133.592
chr3L	9888601	9889111	114.29
chr3L	10352440	10353023	84.0326
chr3L	10554472	10554915	118.573
chr3L	10660774	10661821	69.1786
chr3L	10665552	10666087	181.665
chr3L	10682516	10683580	140.13
chr3L	10745594	10745996	126.607
chr3L	10752106	10753302	140.708
chr3L	10769625	10770289	113.548
chr3L	10810558	10810918	132.344
chr3L	10855532	10856155	89.1461
chr3L	10931445	10931810	103.195
chr3L	10965856	10966522	120.321
chr3L	11047805	11048264	122.632
chr3L	11064664	11065037	229.836
chr3L	11092216	11092528	91.9103
chr3L	11098160	11098838	130.493
chr3L	11318752	11319125	154.233
chr3L	11403520	11404235	74.2252
chr3L	11405697	11406440	135.015
chr3L	11431335	11431663	100.558
chr3L	11554171	11554711	104.881
chr3L	11696351	11696828	158.086
chr3L	12081940	12082645	118.827
chr3L	12111384	12111898	131.442
chr3L	12124789	12125476	91.7715
chr3L	12138325	12138888	105.41
chr3L	12266784	12267395	164.722
chr3L	12457298	12457659	105.762
chr3L	12490555	12491093	123.924
chr3L	12514505	12515083	139.63
chr3L	12523851	12524422	134.317
chr3L	12533673	12534045	251.626
chr3L	12813930	12814213	144.951
chr3L	12843071	12843763	180.746
chr3L	12913625	12913996	282.24
chr3L	13015786	13016141	195.814
chr3L	13017908	13018349	343.342
chr3L	13041219	13042226	93.0884
chr3L	13513067	13513420	194.113
chr3L	13862472	13862740	149.75
chr3L	13919776	13920519	102.637
chr3L	14004898	14005465	173.566
chr3L	14297497	14297815	123.311
chr3L	14303839	14304235	192.351
chr3L	14448670	14449025	204.592
chr3L	14550881	14551609	148.313
chr3L	14661694	14662226	120.699
chr3L	14665948	14666339	160.752
chr3L	14790266	14790622	139.795
chr3L	14801974	14802680	109.857
chr3L	14999589	14999985	149.74
chr3L	15011415	15012006	101.134
chr3L	15014026	15014356	116.548
chr3L	15136591	15137373	144.072
chr3L	15508131	15508580	223.599
chr3L	15532475	15532990	95.1282
chr3L	15562973	15563686	95.6115
chr3L	15580403	15580850	221.385
chr3L	15619502	15620065	81.1474
chr3L	15625192	15626408	114.064
chr3L	15787450	15787972	80.6839
chr3L	15924674	15925417	116.341
chr3L	15977416	15977918	101.946
chr3L	15982794	15983241	480.559
chr3L	16001187	16002401	79.4926
chr3L	16004898	16005212	112.159
chr3L	16087452	16087824	118.82
chr3L	16105294	16105852	94.914
chr3L	16113293	16113979	105.362
chr3L	16161840	16162273	113.896
chr3L	16203140	16203612	131.54
chr3L	16228669	16229087	244.947
chr3L	16483386	16484430	101.717
chr3L	16486523	16486836	123.521
chr3L	16609186	16609594	101.113
chr3L	16612193	16612550	147.429
chr3L	16660205	16660789	208.76
chr3L	16782236	16782709	104.772
chr3L	16890283	16891102	106.436
chr3L	17242135	17242443	185.601
chr3L	17425187	17425480	121.853
chr3L	17428759	17429149	303.918
chr3L	17433534	17433948	380.495
chr3L	17654043	17654612	148.592
chr3L	17658402	17659084	145.805
chr3L	17856744	17857631	129.589
chr3L	18019672	18020296	93.1314
chr3L	18148354	18149137	145.559
chr3L	18185554	18186152	136.875
chr3L	18192818	18193350	102.363
chr3L	18461011	18461454	191.67
chr3L	18756305	18756989	82.3874
chr3L	18768967	18769774	126.052
chr3L	18867494	18867882	173.049
chr3L	18890540	18891076	240.321
chr3L	19042489	19043091	92.5498
chr3L	19045272	19046037	114.319
chr3L	19086663	19087343	176.2
chr3L	19264162	19264475	136.942
chr3L	19292636	19293046	141.763
chr3L	19516533	19516897	220.599
chr3L	19560136	19561024	152.037
chr3L	19590402	19590845	993.889
chr3L	19612041	19612570	386.991
chr3L	19634778	19635206	185.988
chr3L	19656021	19656298	108.888
chr3L	19817735	19818358	108.377
chr3L	19923026	19923697	123.022
chr3L	20302063	20302511	144.759
chr3L	20348051	20348472	132.147
chr3L	20441957	20442379	143.637
chr3L	20444747	20445176	207.876
chr3L	20508135	20508623	239.93
chr3L	20634515	20635010	74.703
chr3L	20778176	20778538	124.235
chr3L	20798352	20799047	142.429
chr3L	21009582	21009963	121.488
chr3L	21027575	21028082	127.872
chr3L	21031276	21031910	180.194
chr3L	21037374	21037685	137.035
chr3L	21171898	21172815	192.509
chr3L	21304368	21304778	306.071
chr3L	21433145	21433721	124.656
chr3L	21453635	21453989	96.9407
chr3L	21515815	21516353	182.502
chr3L	21539371	21539690	115.577
chr3L	21568879	21569241	115.909
chr3L	21652841	21653126	118.309
chr3L	21679749	21680041	120.798
chr3L	21728522	21728977	197.76
chr3L	21828222	21828519	137.444
chr3L	21832571	21832893	104.422
chr3L	21840016	21840748	180.148
chr3L	21880298	21880741	336.747
chr3L	22075835	22076365	113.774
chr3L	22077944	22078637	82.6854
chr3L	22288245	22288764	161.328
chr3L	22863616	22863951	157.266
chr3L	22878693	22879264	543.179
chr3L	26012352	26012821	110.955
chr3R	4395136	4395522	172.215
chr3R	4477788	4478497	126.071
chr3R	4641357	4642026	110.42
chr3R	4649207	4649792	100.781
chr3R	4886015	4886694	75.81
chr3R	5112834	5113475	127.045
chr3R	5127747	5128166	122.174
chr3R	5231757	5232570	87.8979
chr3R	5283390	5283858	184.78
chr3R	5361710	5362023	184.278
chr3R	5371571	5371860	130.772
chr3R	5485256	5485758	150.002
chr3R	5565305	5565936	140.198
chr3R	5568593	5568917	132.728
chr3R	5606330	5606921	83.5482
chr3R	5669132	5669696	146.248
chr3R	5736295	5736799	165.687
chr3R	5742224	5742753	73.4083
chr3R	5788962	5789541	121.547
chr3R	5791437	5792350	207.565
chr3R	5824436	5824834	106.138
chr3R	6198310	6198711	108.471
chr3R	6353547	6354148	121.774
chr3R	6404016	6404566	148.395
chr3R	6416275	6416619	161.445
chr3R	6427606	6428088	111.882
chr3R	6759321	6759831	139.304
chr3R	6912201	6913111	120.358
chr3R	6914370	6914886	102.054
chr3R	6920034	6920329	125.41
chr3R	7066975	7067475	214.138
chr3R	7127979	7128459	182.894
chr3R	7249437	7249797	233.917
chr3R	7346489	7347038	91.4353
chr3R	7473554	7475072	143.354
chr3R	7506173	7506663	119.963
chr3R	7809984	7810640	180.957
chr3R	8001241	8001669	429.119
chr3R	8206702	8207383	78.8972
chr3R	8239496	8240631	117.769
chr3R	8243755	8244141	119.754
chr3R	8333918	8334516	173.485
chr3R	8482864	8483606	74.907
chr3R	8650729	8651221	394.148
chr3R	8652728	8653088	118.914
chr3R	8659033	8659657	97.5785
chr3R	8668911	8669818	158.963
chr3R	8676564	8676942	128.108
chr3R	8731658	8732192	166.723
chr3R	8746293	8746732	110.718
chr3R	8788533	8789410	79.6385
chr3R	8944945	8945275	212.006
chr3R	8945598	8946377	239.779
chr3R	8992904	8993309	211.59
chr3R	9031771	9032215	357.761
chr3R	9224778	9225105	121.45
chr3R	9237840	9238398	98.2742
chr3R	9245811	9246115	153.309
chr3R	9341521	9342030	127.381
chr3R	9399675	9400305	119.067
chr3R	9401106	9401642	198.146
chr3R	9404081	9404397	123.649
chr3R	9434691	9435327	138.079
chr3R	9528473	9528852	203.427
chr3R	9559488	9559992	89.4266
chr3R	9577538	9578103	168.112
chr3R	9613154	9613585	102.084
chr3R	9618387	9618785	137.015
chr3R	9771471	9772012	191.421
chr3R	9873772	9874091	151.574
chr3R	10042764	10043448	177.308
chr3R	10087545	10087990	118.375
chr3R	10097659	10098700	83.1105
chr3R	10170331	10170890	190.025
chr3R	10213483	10213885	131.96
chr3R	10265454	10266280	113.7
chr3R	10357021	10357545	76.5267
chr3R	10415991	10416353	129.022
chr3R	10560579	10560961	128.592
chr3R	10597556	10598409	113.324
chr3R	10628140	10628629	85.5051
chr3R	10684298	10684673	114.328
chr3R	10760952	10761490	124.701
chr3R	10849431	10850040	150.975
chr3R	10884025	10884412	161.62
chr3R	11215879	11216577	120.887
chr3R	11226465	11226840	384.453
chr3R	11409771	11410303	226.338
chr3R	11421554	11422108	226.406
chr3R	11458490	11458933	135.032
chr3R	11557320	11557949	115.386
chr3R	11561908	11562916	228.259
chr3R	11582224	11582587	166.556
chr3R	11622933	11623383	142.904
chr3R	11649459	11649941	273.909
chr3R	11655797	11656296	234.591
chr3R	11656645	11657112	280.916
chr3R	11674005	11674329	111.793
chr3R	11678105	11678433	289.988
chr3R	11786729	11787120	99.5934
chr3R	11819339	11819730	131.151
chr3R	11849599	11850142	105.374
chr3R	11872754	11873070	96.9146
chr3R	11882472	11883065	108.143
chr3R	11920625	11920952	92.4465
chr3R	12078730	12079326	120.086
chr3R	12121196	12121821	80.3744
chr3R	12402963	12403313	269.177
chr3R	12448907	12449388	627.84
chr3R	12591751	12592033	96.078
chr3R	12653904	12654316	145.971
chr3R	13364424	13365240	158.6
chr3R	13428357	13428928	85.9282
chr3R	13453993	13454330	145.852
chr3R	13676157	13676747	118.246
chr3R	13779237	13779572	150.322
chr3R	13907724	13908242	87.3687
chr3R	13914741	13915120	123.617
chr3R	13915546	13916133	109.189
chr3R	13921824	13922411	78.5468
chr3R	14018001	14018523	180.567
chr3R	14095459	14095831	111.191
chr3R	14108484	14109016	180.887
chr3R	14125454	14125908	246.881
chr3R	14326698	14327124	108.62
chr3R	14327646	14328058	128.388
chr3R	14353702	14354487	79.2739
chr3R	14373114	14373616	115.904
chr3R	14382619	14383303	77.4781
chr3R	14391247	14391606	154.05
chr3R	14469746	14470161	120.369
chr3R	14478553	14478975	165.156
chr3R	14511539	14511853	108.573
chr3R	14574998	14575513	133.233
chr3R	14721924	14722624	97.63
chr3R	15087551	15087987	205.266
chr3R	15196086	15197025	87.9681
chr3R	15208803	15209444	93.3807
chr3R	15218870	15219296	252.246
chr3R	15229114	15229752	518.84
chr3R	15242184	15243204	86.1333
chr3R	15274961	15275603	238.48
chr3R	15366757	15367274	84.2785
chr3R	16072179	16072680	120.627
chr3R	16097639	16097986	150.124
chr3R	16146522	16147043	148.568
chr3R	16205269	16205811	170.893
chr3R	16280514	16281049	396.86
chr3R	16341762	16342362	97.9133
chr3R	16432654	16433000	125.772
chr3R	16442933	16443313	115.708
chr3R	16448605	16449760	160.689
chr3R	16497350	16497867	222.766
chr3R	16524085	16524973	88.8536
chr3R	16837842	16838197	106.318
chr3R	17386471	17386788	99.6688
chr3R	17391128	17391900	213.655
chr3R	17781446	17781782	205.161
chr3R	17794234	17795052	102.333
chr3R	17798218	17798652	120.618
chr3R	17919066	17919487	101.933
chr3R	18125068	18125430	160.42
chr3R	18164335	18164942	94.888
chr3R	18172224	18172753	180.227
chr3R	18185423	18185817	109.637
chr3R	18188632	18189312	155.347
chr3R	18220205	18220579	531.575
chr3R	18298687	18299274	119.135
chr3R	18393495	18393944	89.7105
chr3R	18396949	18397717	139.719
chr3R	18402647	18403447	311.95
chr3R	18404686	18405075	87.581
chr3R	18573741	18574355	188.306
chr3R	18659216	18659627	170.294
chr3R	18719795	18720163	163.598
chr3R	18741570	18742059	261.646
chr3R	18758859	18759187	128.037
chr3R	18983567	18984268	109.512
chr3R	19028790	19029109	126.498
chr3R	19031218	19031520	132.907
chr3R	19161990	19162583	134.137
chr3R	19226497	19227218	81.5881
chr3R	19460660	19461035	170.181
chr3R	19499061	19499412	151.365
chr3R	19641625	19642190	108.798
chr3R	19671663	19672059	132.97
chr3R	19831020	19831335	137.606
chr3R	19861254	19861626	146.376
chr3R	19875208	19875965	83.5654
chr3R	19892040	19892659	91.8223
chr3R	19905859	19906426	143.101
chr3R	19908553	19909570	98.6637
chr3R	19998407	19998839	101.486
chr3R	19999459	19999819	188.061
chr3R	20035737	20036386	111.723
chr3R	20261432	20262048	124.787
chr3R	20579772	20580333	97.5775
chr3R	20594707	20595182	115.093
chr3R	20634041	20634408	109.463
chr3R	20821802	20822380	148.804
chr3R	21097462	21098093	117.563
chr3R	21138349	21138734	123.109
chr3R	21365232	21365654	251.462
chr3R	21378535	21378969	313.108
chr3R	21493569	21494099	81.766
chr3R	21520219	21520549	252.488
chr3R	21627653	21628107	105.637
chr3R	21781369	21781797	143.734
chr3R	21869733	21870775	170.064
chr3R	22027225	22027963	112.699
chr3R	22049001	22049658	125.525
chr3R	22139148	22139502	108.718
chr3R	22362436	22362964	122.509
chr3R	22421686	22421960	157.168
chr3R	22469081	22469513	157.847
chr3R	22597630	22597905	129.836
chr3R	22686442	22686865	105.324
chr3R	22724528	22724879	171.53
chr3R	22750446	22750995	132.725
chr3R	23028557	23028908	113.034
chr3R	23046489	23046981	92.3394
chr3R	23112783	23113100	133.666
chr3R	23175428	23175930	203.98
chr3R	23189913	23190210	149.869
chr3R	23257869	23258602	171.24
chr3R	23280921	23281292	255.984
chr3R	23326228	23326646	123.333
chr3R	23346728	23347227	89.6052
chr3R	23646210	23646586	96.1995
chr3R	23669603	23670100	448.541
chr3R	23678555	23679154	165.08
chr3R	23713913	23714277	70.4121
chr3R	23726619	23727249	116.524
chr3R	23757880	23758651	225.003
chr3R	23772797	23773238	184.172
chr3R	23934212	23934570	114.662
chr3R	24109005	24109598	259.626
chr3R	24140969	24141487	170.027
chr3R	24151709	24152789	194.524
chr3R	24161411	24161826	130.781
chr3R	24188358	24188968	91.7672
chr3R	24193408	24194013	194.77
chr3R	24259753	24260475	120.722
chr3R	24276086	24276704	112.874
chr3R	24295659	24296224	111.294
chr3R	24567355	24567755	152.06
chr3R	24768806	24769217	189.533
chr3R	24787281	24787643	124.207
chr3R	24810860	24811208	164.339
chr3R	24813791	24814300	114.617
chr3R	24876576	24877069	191.809
chr3R	24917819	24918246	131.194
chr3R	24962512	24962818	123.036
chr3R	25004800	25005129	128.444
chr3R	25024958	25025434	191.84
chr3R	25069601	25069929	140.54
chr3R	25123279	25123546	111.794
chr3R	25207365	25207798	109.626
chr3R	25232342	25232965	101.676
chr3R	25258401	25259297	236.057
chr3R	25262485	25262792	156.645
chr3R	25472793	25473601	222.535
chr3R	25489062	25489997	79.1337
chr3R	25646827	25647373	160.952
chr3R	25680540	25680942	279.154
chr3R	25738001	25738639	124.045
chr3R	26172066	26172422	122.331
chr3R	26280421	26280882	88.321
chr3R	26436634	26436914	102.125
chr3R	26713998	26714927	190.239
chr3R	26875707	26876077	114.489
chr3R	27112152	27112611	165.85
chr3R	27253095	27253465	175.249
chr3R	27280854	27281366	226.393
chr3R	27292514	27292904	129.128
chr3R	27407091	27407399	146.26
chr3R	27554971	27555444	104.027
chr3R	27569625	27570124	110.938
chr3R	27922655	27923162	91.5937
chr3R	28328429	28329131	85.4459
chr3R	28335465	28336032	101.69
chr3R	28336381	28336738	112.053
chr3R	28339718	28340365	90.6368
chr3R	28672241	28672578	175.671
chr3R	28831942	28832208	121.756
chr3R	28879964	28880436	120.619
chr3R	28888706	28889064	133.45
chr3R	28904211	28905201	117.306
chr3R	28911800	28912125	163.865
chr3R	29033861	29034752	126.804
chr3R	29112782	29113147	152.57
chr3R	29124096	29124538	118.995
chr3R	29204635	29204955	135.628
chr3R	29207220	29207695	136.234
chr3R	29207926	29208335	131.183
chr3R	29213973	29214657	209.911
chr3R	29219937	29220323	202.984
chr3R	29319537	29319835	112.433
chr3R	29618516	29619306	224.361
chr3R	29675388	29675685	102.37
chr3R	29699246	29699769	74.4207
chr3R	29716961	29717319	118.103
chr3R	29745038	29745364	162.604
chr3R	29773605	29774529	91.1277
chr3R	29802907	29803228	132.165
chr3R	29983025	29983619	108.236
chr3R	30043161	30043518	133.997
chr3R	30056605	30056938	171.171
chr3R	30060686	30061547	100.684
chr3R	30189807	30190172	140.203
chr3R	30202756	30203813	120.854
chr3R	30295996	30296434	113.176
chr3R	30570603	30570905	155.003
chr3R	30600412	30601489	57.2256
chr3R	30781359	30782204	157.766
chr3R	30817248	30817629	135.283
chr3R	31058920	31059425	140.626
chr3R	31061251	31061682	145.267
chr3R	31252564	31252922	190.595
chr3R	31384028	31384565	313.091
chr3R	31404183	31405034	413.94
chr3R	31588331	31588920	364.382
chr3R	31592560	31592897	128.525
chr3R	31615971	31616443	453.538
chr3R	31776592	31777225	118.61
chr3R	31941598	31941959	133.917
chr4	67065	67490	123.993
chr4	424634	424962	196.268
chr4	659823	660327	109.331
chr4	982782	983251	120.836
chr4	1027033	1027826	152.443
chr4	1112911	1113534	215.528
chrX	338072	338719	92.8099
chrX	493774	494264	276.49
chrX	522270	523944	161.113
chrX	686387	687139	123.597
chrX	755763	756280	118.53
chrX	764931	765372	110.658
chrX	901030	901440	149.754
chrX	934903	935758	207.891
chrX	1235002	1235694	117.105
chrX	1275132	1275775	314.635
chrX	1276905	1277457	165.036
chrX	1618649	1619295	114.218
chrX	1669211	1669569	135.561
chrX	1830143	1831558	210.779
chrX	1849869	1850214	143.046
chrX	1861564	1862170	104.381
chrX	1939635	1940430	76.5648
chrX	1947520	1947928	213.902
chrX	1951671	1952288	134.182
chrX	1963754	1964132	254.135
chrX	1968940	1969338	87.7136
chrX	1984012	1984518	89.7925
chrX	2070585	2071304	82.3213
chrX	2071936	2072544	82.3997
chrX	2136087	2138266	320.471
chrX	2221887	2222730	106.483
chrX	2262473	2262818	88.9362
chrX	2295891	2296667	98.5747
chrX	2297512	2298167	251.757
chrX	2298993	2299344	122.527
chrX	2300484	2302624	116.679
chrX	2321810	2322237	71.8642
chrX	2329379	2329912	87.4728
chrX	2582080	2582485	128.304
chrX	2593757	2594130	195.89
chrX	2608791	2609198	138.971
chrX	2619731	2620144	142.332
chrX	2646058	2646674	241.148
chrX	2703463	2704118	736.253
chrX	2708026	2708628	69.098
chrX	2732135	2732598	79.9957
chrX	2786558	2786949	214.801
chrX	2787213	2787815	129.623
chrX	2919773	2920152	123.055
chrX	3007742	3008264	85.7874
chrX	3018632	3019067	101.395
chrX	3025532	3025841	103.495
chrX	3096802	3097426	118.941
chrX	3108926	3109250	102.145
chrX	3162061	3163060	121.764
chrX	3205928	3206651	71.3541
chrX	3255481	3256213	156.202
chrX	3294563	3295185	214.965
chrX	3310850	3311342	117.593
chrX	3381734	3382076	120.754
chrX	3396843	3397395	68.2572
chrX	3403327	3403761	82.2535
chrX	3414379	3414775	108.371
chrX	3425003	3425345	170.655
chrX	3431669	3432069	135.037
chrX	3474710	3475327	75.1864
chrX	3482501	3483053	139.478
chrX	3546143	3546499	105.084
chrX	3677854	3678289	132.368
chrX	3686755	3687385	86.173
chrX	3687749	3688108	93.1699
chrX	3692143	3692491	126.124
chrX	3750543	3750893	207.957
chrX	3773379	3773730	102.675
chrX	3774194	3774768	163.026
chrX	3838633	3838940	156.104
chrX	3868503	3868919	156.738
chrX	4010907	4011206	87.097
chrX	4666735	4667288	244.41
chrX	4684453	4685020	142.949
chrX	4906679	4907016	134.623
chrX	4909733	4910838	308.294
chrX	4919510	4919901	169.445
chrX	4939809	4940226	231.573
chrX	5041548	5041877	140.62
chrX	5046542	5047009	126.152
chrX	5093966	5094442	86.2773
chrX	5322473	5322994	116.136
chrX	5329297	5329831	80.7566
chrX	5419039	5419731	107.156
chrX	5430050	5430734	123.297
chrX	5648591	5648939	143.152
chrX	5695875	5697038	186.793
chrX	5700152	5700468	103.288
chrX	5705803	5706221	193.955
chrX	5718650	5718950	115.5
chrX	5735113	5735620	113.793
chrX	5899987	5900691	190.379
chrX	5918701	5919223	416.023
chrX	5989420	5989856	75.2683
chrX	6000881	6001291	132.68
chrX	6024719	6025038	85.1442
chrX	6031542	6032155	84.3165
chrX	6074809	6075342	142.867
chrX	6097587	6097948	188.814
chrX	6193217	6193570	219.244
chrX	6330044	6331198	95.9471
chrX	6353418	6354004	119.292
chrX	6366346	6366668	182.755
chrX	6542351	6542706	92.5127
chrX	6549538	6550101	185.671
chrX	6571500	6572135	113.657
chrX	6599251	6599694	416.135
chrX	6601777	6602449	140.03
chrX	6656013	6656525	91.8184
chrX	6679090	6679547	204.341
chrX	6696517	6696875	95.5
chrX	6711324	6711878	104.695
chrX	6770984	6771316	195.114
chrX	6793418	6793726	131.633
chrX	6794182	6794543	146.803
chrX	6849465	6849862	142.94
chrX	6852480	6852929	146.958
chrX	6863043	6863557	159.354
chrX	6969253	6969679	172.131
chrX	6993623	6994141	116.083
chrX	7000784	7001629	100.507
chrX	7011112	7011403	182.849
chrX	7013417	7013980	128.465
chrX	7095566	7095952	116.762
chrX	7241966	7242400	108.327
chrX	7293122	7294832	117.222
chrX	7306663	7307954	125.38
chrX	7324601	7325509	159.33
chrX	7616954	7617247	102.805
chrX	7618206	7618549	108.117
chrX	7651614	7651918	103.391
chrX	7696876	7697255	210.385
chrX	7698189	7698683	272.142
chrX	7699946	7700767	143.663
chrX	7708850	7709492	133.626
chrX	7734381	7734893	124.928
chrX	7908112	7909098	110.725
chrX	7920149	7920596	129.002
chrX	7934678	7935010	92.4699
chrX	7938087	7938634	92.3382
chrX	7972345	7972757	160.044
chrX	8057257	8058122	73.7653
chrX	8092220	8092868	94.2654
chrX	8100028	8100638	109.046
chrX	8113450	8113919	88.5864
chrX	8131869	8132354	95.466
chrX	8143553	8143911	147.885
chrX	8464378	8465067	127.382
chrX	8538160	8538515	94.8901
chrX	8656597	8656921	94.892
chrX	8681200	8681771	136.219
chrX	8690023	8690367	80.3343
chrX	8709233	8709873	173.564
chrX	8777157	8777474	92.0536
chrX	8894336	8894612	102.37
chrX	8896042	8896459	262.48
chrX	8900027	8900562	68.8112
chrX	9080994	9081323	130.316
chrX	9193640	9193963	101.353
chrX	9196321	9196686	146.274
chrX	9201813	9202704	128.811
chrX	9243463	9243953	71.149
chrX	9352119	9353102	105.155
chrX	9416078	9416414	106.417
chrX	9431455	9431792	102.303
chrX	9486815	9487250	96.5379
chrX	9553528	9554864	127.342
chrX	9578994	9579699	218.401
chrX	9579925	9580521	87.0906
chrX	9599827	9600691	81.4225
chrX	9645766	9646334	227.178
chrX	9778524	9778813	108.837
chrX	9875698	9876315	93.483
chrX	10088261	10088630	80.3089
chrX	10265255	10266284	154.826
chrX	10573560	10574039	91.1566
chrX	10737256	10737782	111.783
chrX	10802425	10802908	86.6501
chrX	10832448	10832730	115.968
chrX	10936532	10937058	116.266
chrX	10967285	10967681	97.9975
chrX	11108174	11108506	87.0783
chrX	11351324	11351794	199.23
chrX	11384194	11384546	137.085
chrX	11423176	11423785	140.621
chrX	11451044	11451403	97.6267
chrX	11518442	11518800	156.631
chrX	11576598	11577067	80.9232
chrX	11580252	11580696	86.4707
chrX	11788538	11788859	136.847
chrX	11818382	11818800	250.825
chrX	11915037	11915509	171.72
chrX	11920714	11921338	136.447
chrX	11925068	11925559	106.432
chrX	12222647	12223190	90.1971
chrX	12472124	12473081	147.557
chrX	12510732	12511203	99.0021
chrX	12567569	12568018	121.746
chrX	12629588	12629923	110.558
chrX	12666241	12666799	218.5
chrX	12670139	12670694	91.2523
chrX	12718790	12719596	61.2221
chrX	13099936	13100460	108.748
chrX	13130414	13131975	172.657
chrX	13159452	13159828	93.9814
chrX	13214089	13214401	105.875
chrX	13251353	13251659	139.32
chrX	13258700	13259041	97.6804
chrX	13274465	13274846	97.315
chrX	13276430	13277226	85.9962
chrX	13323085	13323823	71.8089
chrX	13337401	13337873	91.6102
chrX	13368200	13368531	95.855
chrX	13373394	13373761	157.801
chrX	13387328	13387725	99.8287
chrX	13390467	13390795	131.244
chrX	13572394	13572738	77.2297
chrX	13616672	13617012	109.671
chrX	13626440	13626988	118.549
chrX	13644008	13644453	103.449
chrX	13762285	13762890	98.2909
chrX	13815464	13815951	114.283
chrX	13995978	13996361	127.41
chrX	14217969	14218539	137.242
chrX	14237942	14238457	182.109
chrX	14243129	14243425	110.649
chrX	14483621	14484152	66.9379
chrX	14602604	14602929	94.2246
chrX	14612325	14612662	156.709
chrX	14688956	14689469	119.548
chrX	14882751	14883078	118.654
chrX	15021036	15021656	95.3984
chrX	15084235	15085069	84.8825
chrX	15216091	15216419	113.378
chrX	15383989	15384324	93.5045
chrX	15549001	15549416	127.677
chrX	15554154	15554685	144.574
chrX	15579627	15579988	179.886
chrX	15591735	15592180	77.2989
chrX	15619179	15619777	74.2391
chrX	15703795	15704332	91.041
chrX	15843921	15844515	87.7189
chrX	15867780	15868197	420.719
chrX	16140546	16141015	87.2068
chrX	16263474	16263841	112.861
chrX	16278423	16279760	97.4562
chrX	16335121	16335518	108.295
chrX	16358980	16359337	235.944
chrX	16404065	16404400	170.173
chrX	16552381	16553030	98.8567
chrX	16691440	16691839	128.837
chrX	16811206	16811554	178.621
chrX	16822158	16822437	102.9
chrX	16833092	16833551	107.133
chrX	16854682	16855105	93.8416
chrX	17129689	17130380	97.1187
chrX	17293370	17293748	101.328
chrX	17330289	17330663	91.2914
chrX	17490967	17491517	71.7291
chrX	17595766	17596125	149.989
chrX	17624890	17625790	85.4222
chrX	17631955	17632355	186.47
chrX	17702745	17703053	189.838
chrX	17844641	17845050	271.907
chrX	18085319	18085957	88.7492
chrX	18092816	18093182	162.366
chrX	18294070	18294436	123.478
chrX	18546794	18547279	83.3773
chrX	18645619	18646138	89.5222
chrX	18836686	18837444	84.5607
chrX	18848445	18849119	102.496
chrX	18869433	18869986	72.2278
chrX	18951332	18951821	105.311
chrX	19018122	19018481	152.039
chrX	19154800	19155383	98.3705
chrX	19155953	19156388	104.239
chrX	19179441	19180264	73.2491
chrX	19289319	19289714	185.833
chrX	19297967	19298589	199.418
chrX	19565624	19566162	103.723
chrX	19603973	19604316	135.749
chrX	19665930	19666253	107.533
chrX	19666914	19667389	94.6084
chrX	19668333	19668787	164.216
chrX	19846838	19847396	200.842
chrX	19848353	19849057	88.9432
chrX	19850491	19851375	80.9174
chrX	19889421	19889774	128.402
chrX	20173334	20173956	74.2524
chrX	20236153	20236519	104.563
chrX	20393812	20394428	74.0211
chrX	20429676	20430216	108.706
chrX	20495598	20496276	64.4941
chrX	20654749	20655433	92.4284
chrX	20760310	20760804	121.026
chrX	21053984	21054664	184.882
chrX	21124187	21124567	108.524
chrX	21319293	21319700	150.658
chrX	21339411	21339787	185.535
chrX	21349840	21350359	109.044
chrX	21366328	21366709	186.165
chrX	21593929	21594492	91.7922
chrX	21631377	21631897	73.9962
