chr2L	223330	223704	27.6898403
chr2L	267429	268071	24.3489094
chr2L	297467	298096	29.6550083
chr2L	414638	415106	27.4743595
chr2L	441984	442232	26.6008072
chr2L	510429	510817	25.5644321
chr2L	520684	521095	26.5109482
chr2L	521903	522244	27.0381241
chr2L	574227	574614	22.4651165
chr2L	715437	715770	21.5675678
chr2L	865879	866317	33.1598167
chr2L	867195	867683	26.2868843
chr2L	1072033	1072574	32.5083160
chr2L	1075805	1076138	33.6936951
chr2L	1172738	1173104	26.3770485
chr2L	1185565	1185907	22.0555553
chr2L	1433780	1434059	32.6989250
chr2L	1590190	1590504	20.5764332
chr2L	1611178	1611501	26.3529415
chr2L	1634170	1634500	20.8454552
chr2L	1638560	1639150	27.1305084
chr2L	1643105	1643587	30.8195019
chr2L	1727693	1728258	31.3132744
chr2L	2163526	2163819	25.2730370
chr2L	2182783	2183115	21.3885536
chr2L	2200913	2201384	23.8280258
chr2L	2202157	2202673	37.2984505
chr2L	2226235	2226595	30.3444443
chr2L	2363572	2364066	28.1761131
chr2L	2380819	2381170	28.4102573
chr2L	2433555	2433798	20.6296291
chr2L	2759599	2759937	27.7100601
chr2L	2765522	2766244	34.9542923
chr2L	2830245	2830696	26.4567623
chr2L	2855870	2856226	30.7387638
chr2L	2896953	2897437	21.7252064
chr2L	2972425	2972998	27.3071556
chr2L	2976832	2977160	27.9969521
chr2L	2987606	2988169	26.8685608
chr2L	3037122	3037563	28.5804996
chr2L	3301871	3302780	46.0924110
chr2L	3338795	3339165	24.6081085
chr2L	3354675	3355324	27.0493069
chr2L	3376690	3377026	16.1428566
chr2L	3628774	3629252	31.1903763
chr2L	3632239	3632904	39.2721786
chr2L	3655650	3656016	25.6366119
chr2L	3703302	3703594	18.9726028
chr2L	3771221	3771767	35.6446877
chr2L	3786198	3786626	26.7149525
chr2L	3789263	3789689	21.1009388
chr2L	3832342	3832691	38.0773621
chr2L	4458114	4458606	26.5955276
chr2L	4837674	4838208	40.5056190
chr2L	4850223	4850751	28.2821960
chr2L	4945307	4945676	28.6802177
chr2L	4976977	4977445	24.1816235
chr2L	4981260	4981701	35.9841270
chr2L	4997358	4998175	35.4137077
chr2L	5004934	5005324	26.7974358
chr2L	5070750	5071156	30.3743839
chr2L	5087112	5087498	24.5595856
chr2L	5107886	5108336	21.0511112
chr2L	5256139	5256799	20.4090900
chr2L	5342177	5342811	24.7129345
chr2L	5523851	5524359	22.1456699
chr2L	5546393	5546800	23.5479107
chr2L	5907436	5907812	26.8085098
chr2L	6065949	6066289	45.8058815
chr2L	6480491	6481019	25.9715900
chr2L	6557385	6558026	21.0546017
chr2L	6601194	6601523	14.5015202
chr2L	6610653	6611040	28.1550388
chr2L	6612409	6613105	53.5790215
chr2L	6647025	6647468	42.7336349
chr2L	6648129	6648569	34.0909081
chr2L	6786942	6787857	29.0546455
chr2L	7123757	7124081	18.6296291
chr2L	7188420	7188840	28.3547611
chr2L	7194369	7194724	27.1774654
chr2L	7295987	7296281	19.4897957
chr2L	7401519	7401974	16.8857136
chr2L	7436781	7437126	24.5855064
chr2L	7530349	7531019	32.5552254
chr2L	7534961	7535327	28.5628414
chr2L	7564910	7565184	26.1021900
chr2L	7925392	7925754	17.9309387
chr2L	7961227	7961537	19.6096783
chr2L	7964618	7964904	24.1293697
chr2L	8159571	8159885	31.9235668
chr2L	8162370	8163143	35.4139709
chr2L	8164227	8164633	29.2955666
chr2L	8205075	8205458	30.7101822
chr2L	8212804	8213237	44.1177826
chr2L	8277597	8278085	38.6352463
chr2L	8292456	8292850	20.3299484
chr2L	8311094	8311477	25.0287209
chr2L	8362450	8362855	24.0518513
chr2L	8376588	8377063	32.3873672
chr2L	8384113	8384515	27.5820904
chr2L	8463055	8463460	22.6049385
chr2L	8535309	8535975	26.0840836
chr2L	8574939	8575424	23.2144337
chr2L	8691165	8691779	21.5684032
chr2L	8717270	8718178	22.9680614
chr2L	8845946	8846260	19.7898083
chr2L	8951154	8951555	30.7506237
chr2L	8957934	8958550	21.8490257
chr2L	8997280	8997732	33.9646034
chr2L	9430935	9431604	25.6771297
chr2L	9520829	9521392	36.9200706
chr2L	9525692	9526047	21.5549297
chr2L	9567317	9567910	38.5817871
chr2L	9569627	9570351	29.2403316
chr2L	9956809	9957472	23.9245853
chr2L	9967018	9967507	25.2678928
chr2L	10010040	10010460	36.7595253
chr2L	10057284	10057603	24.3385582
chr2L	10200843	10201315	45.5360184
chr2L	10386295	10386652	22.2072830
chr2L	10408049	10408663	21.0798054
chr2L	10474153	10474814	27.5416031
chr2L	10665668	10665933	21.7018871
chr2L	10737182	10737503	26.1028042
chr2L	11106589	11107044	44.3076935
chr2L	11123559	11123870	21.6527328
chr2L	11277900	11278313	22.3075066
chr2L	11816312	11816795	29.5507240
chr2L	12021220	12021553	25.8168163
chr2L	12044553	12045082	28.2211723
chr2L	12103274	12103832	24.7473125
chr2L	12721864	12722293	23.3379955
chr2L	13003847	13004405	19.3100357
chr2L	13083612	13083988	23.3723412
chr2L	13176741	13177241	22.6340008
chr2L	13373706	13374210	38.7162704
chr2L	13387276	13387644	37.8423920
chr2L	13394958	13395583	25.4624004
chr2L	13514561	13515320	24.1725960
chr2L	13835029	13835787	39.4327164
chr2L	13904425	13904846	24.9596195
chr2L	14047232	14047522	21.2275867
chr2L	14361715	14362235	21.0057697
chr2L	14461025	14461491	27.7918453
chr2L	14504963	14505550	30.6473598
chr2L	14545425	14545722	24.9124584
chr2L	14546961	14547276	26.0222225
chr2L	14556835	14557198	30.5013771
chr2L	14615093	14615461	20.1847820
chr2L	14685662	14686049	27.3669243
chr2L	14689248	14689698	36.4622231
chr2L	14995524	14996238	25.4467793
chr2L	15009729	15010086	25.8683472
chr2L	15746867	15747349	23.5456429
chr2L	15911094	15911652	20.3476696
chr2L	15912014	15912413	23.7819557
chr2L	16279690	16280086	29.4494953
chr2L	16325601	16325964	35.6088142
chr2L	16350211	16350710	19.9699402
chr2L	16519979	16520255	23.2463760
chr2L	16521101	16521773	29.5997028
chr2L	16716162	16716567	35.9753075
chr2L	16720647	16721201	22.1227436
chr2L	17378626	17379240	53.9951134
chr2L	17379898	17380271	26.8873997
chr2L	17410376	17410705	23.3617020
chr2L	17466298	17466804	20.4130440
chr2L	17480952	17481294	34.4824562
chr2L	17484232	17484581	33.2693405
chr2L	17514138	17514433	15.8305082
chr2L	18145318	18145632	23.9777069
chr2L	18325119	18325577	19.9148464
chr2L	18477364	18477832	25.3846149
chr2L	18604732	18605345	34.1158257
chr2L	18653384	18653638	21.7952747
chr2L	18695304	18695790	25.4012337
chr2L	18703088	18703536	24.4196434
chr2L	18708560	18708961	30.3167076
chr2L	18857632	18858046	25.1014500
chr2L	18890100	18890430	21.3878784
chr2L	19045046	19045524	20.8326359
chr2L	19164949	19165358	30.2249393
chr2L	19226410	19226718	21.7694798
chr2L	19416431	19417076	20.6170540
chr2L	19439551	19439895	20.4563961
chr2L	19444656	19445071	30.6602402
chr2L	19528328	19528694	28.0601101
chr2L	19575550	19576172	37.2443733
chr2L	19865412	19865813	29.6009979
chr2L	19887488	19887834	24.8583813
chr2L	20084811	20085624	23.0553513
chr2L	20086267	20086863	24.1929531
chr2L	20091119	20091693	27.4250870
chr2L	20645316	20645869	27.2839050
chr2L	20780780	20781100	21.5000000
chr2L	20805932	20806316	28.4192715
chr2L	20864660	20865205	18.1449547
chr2L	21158537	21158854	22.9242897
chr2L	21168098	21168616	19.3397675
chr2L	21681679	21682365	22.0787163
chr2L	21867115	21867654	24.0723553
chr2R	6076353	6076985	26.1012650
chr2R	6220451	6221169	31.6963787
chr2R	6546344	6546789	17.0943813
chr2R	6632898	6633434	25.1026115
chr2R	6662888	6663631	46.1157455
chr2R	6715323	6715661	27.2307701
chr2R	6974880	6975316	39.5871544
chr2R	7028413	7028984	21.8318748
chr2R	7045083	7045768	31.7562046
chr2R	7064104	7064489	20.6701298
chr2R	7499880	7500152	27.8713226
chr2R	7518774	7519349	32.8330421
chr2R	7533180	7533532	29.8522720
chr2R	7665382	7665923	23.9611835
chr2R	7722787	7723158	25.8490562
chr2R	7753798	7754330	25.3966160
chr2R	7772991	7773558	24.3086414
chr2R	8014204	8014582	41.5105820
chr2R	8060770	8061222	45.1946907
chr2R	8068337	8068757	27.3333340
chr2R	8082139	8082513	30.7326202
chr2R	8098342	8098756	23.0942020
chr2R	8173586	8173912	22.5521469
chr2R	8251571	8251882	27.1414795
chr2R	8462339	8462808	21.9168434
chr2R	8615162	8615524	23.2624302
chr2R	8644110	8644525	24.4096394
chr2R	9094794	9095525	26.9357052
chr2R	9121969	9122431	50.6428566
chr2R	9278850	9279445	23.0621853
chr2R	9308224	9309008	21.8469391
chr2R	9408537	9409434	29.8405800
chr2R	9431213	9431660	25.5704689
chr2R	9547006	9547728	48.2119102
chr2R	9587039	9587361	31.5807457
chr2R	9588707	9589055	27.7471256
chr2R	9959571	9960237	40.3438454
chr2R	10056375	10056715	28.6823521
chr2R	10081583	10081985	21.9029846
chr2R	10219885	10220275	43.7999992
chr2R	10230685	10231038	17.9773369
chr2R	10271046	10271703	23.2343979
chr2R	11062897	11063217	19.7124996
chr2R	11184389	11184734	28.6579704
chr2R	11202676	11203030	26.3050842
chr2R	11222212	11223042	21.8096390
chr2R	11289076	11289399	33.0092888
chr2R	11593534	11593959	31.6188240
chr2R	11635454	11636413	26.1605835
chr2R	11661478	11661886	27.5318623
chr2R	11988748	11989274	23.1901150
chr2R	12027588	12028106	42.5733604
chr2R	12326041	12326417	31.2659569
chr2R	12335076	12335415	28.0029507
chr2R	12435748	12436203	33.1692314
chr2R	12760703	12761075	30.6559143
chr2R	12869101	12869817	20.5055866
chr2R	12958013	12958437	32.8136787
chr2R	12975439	12975792	22.8526917
chr2R	12984992	12985396	33.9603958
chr2R	13035046	13035584	49.9107819
chr2R	13158166	13158659	25.2373219
chr2R	13295786	13296396	18.6573772
chr2R	13338282	13338564	19.7695026
chr2R	13499607	13499922	25.8730164
chr2R	13566103	13566521	25.2631588
chr2R	14024962	14025346	29.7942715
chr2R	14157405	14157841	39.5389900
chr2R	14255956	14256545	23.8081493
chr2R	14270105	14270796	24.1895809
chr2R	14309918	14310222	26.6414471
chr2R	14577644	14578121	20.9056606
chr2R	14752251	14752576	25.7353840
chr2R	14852625	14852928	23.6501656
chr2R	14917549	14918258	20.3272209
chr2R	14992067	14992508	31.0680275
chr2R	15119115	15119363	21.9959679
chr2R	15127974	15128983	38.5441017
chr2R	15213544	15214036	24.6788616
chr2R	15217487	15217972	37.7134018
chr2R	15679006	15679408	29.5597019
chr2R	15869030	15869495	23.6881714
chr2R	15992288	15992733	44.6516838
chr2R	16007584	16007953	25.8780479
chr2R	16148647	16149019	24.0967751
chr2R	16206331	16206723	36.4846954
chr2R	16210907	16211276	24.8482380
chr2R	16294142	16294639	18.2474842
chr2R	16594330	16594964	27.6971607
chr2R	16773780	16774228	21.7232151
chr2R	16815010	16815496	35.1399193
chr2R	17005142	17005522	25.8605270
chr2R	17262500	17262920	23.2595234
chr2R	17420758	17421378	34.9274178
chr2R	17421944	17422865	26.7187843
chr2R	17547387	17547870	39.7763977
chr2R	17568315	17568799	33.1177673
chr2R	17665413	17665800	24.9870796
chr2R	17733041	17733390	18.6017189
chr2R	17748419	17748757	20.3254433
chr2R	17804697	17805196	23.2144279
chr2R	18335146	18335403	22.3968868
chr2R	18336729	18337545	29.9705887
chr2R	18338294	18338706	24.0485439
chr2R	18354043	18354454	27.4793186
chr2R	18357103	18357599	31.3326607
chr2R	18413664	18414263	26.9415684
chr2R	18671565	18671974	25.9046459
chr2R	18796622	18796964	18.5321636
chr2R	18875073	18875480	27.1031933
chr2R	19137073	19137554	31.2453232
chr2R	19255918	19256287	27.3956642
chr2R	19272068	19272486	22.9210529
chr2R	19293389	19293908	33.2485542
chr2R	19423117	19423441	33.2407417
chr2R	19441930	19442588	25.9772034
chr2R	19631582	19632373	27.3198490
chr2R	19714763	19715323	22.4964294
chr2R	19826073	19826672	35.6727867
chr2R	19843525	19843992	18.7558880
chr2R	20121787	20122087	21.2033329
chr2R	20666296	20666874	29.4463673
chr2R	20837974	20838290	20.5822792
chr2R	20884293	20884797	38.3492050
chr2R	21072808	21073697	28.2564678
chr2R	21143218	21143615	22.5768261
chr2R	21145715	21146242	22.7779884
chr2R	21200016	21200550	23.6554298
chr2R	21364038	21364580	22.5350552
chr2R	21496955	21497806	33.6850777
chr2R	21576223	21576504	16.8327408
chr2R	21645781	21646267	32.8395081
chr2R	21669829	21670182	35.0821533
chr2R	21703124	21703682	48.7419357
chr2R	21884066	21884611	20.6752300
chr2R	22061626	22062135	33.0903740
chr2R	22395092	22395569	25.8322849
chr2R	22395781	22396182	26.6708221
chr2R	22397465	22397797	30.3885536
chr2R	22513990	22514517	54.6337776
chr2R	22537867	22538691	25.0776691
chr2R	22587515	22587899	23.5546875
chr2R	22676419	22676733	22.1656055
chr2R	22798760	22799099	24.6961651
chr2R	22802685	22803175	42.0959167
chr2R	22854111	22854591	21.5770836
chr2R	22926092	22926502	24.6585369
chr2R	22936685	22937321	21.0754719
chr2R	23227979	23228306	24.7247715
chr2R	23415522	23415898	19.4414902
chr2R	23589140	23589489	27.0916901
chr2R	23593018	23593362	22.4970932
chr2R	23709463	23710092	29.7472172
chr2R	23720346	23720993	20.9783611
chr2R	23844622	23845031	24.9242058
chr2R	23850129	23850572	43.4446945
chr2R	23858588	23858989	28.5361595
chr2R	23873427	23873892	23.6129036
chr2R	23884583	23885128	20.9174309
chr2R	24133538	24133895	26.1904755
chr2R	24242713	24243091	18.7089939
chr2R	24260640	24261068	20.0584106
chr2R	24327564	24327939	32.6160011
chr2R	24329424	24329747	20.7863770
chr2R	24350840	24351139	20.3110371
chr2R	24539237	24539545	27.2922077
chr2R	24539656	24539975	23.9467087
chr2R	24606932	24607257	32.3230782
chr2R	24611422	24611725	39.3069305
chr2R	24793296	24793861	26.5592918
chr2R	24903716	24904259	32.4069977
chr2R	24940305	24940728	25.3782501
chr2R	24969327	24969831	32.6845245
chr3L	184374	184670	29.4459457
chr3L	205742	206303	24.5793228
chr3L	257966	258464	25.7449799
chr3L	589186	589624	22.3515987
chr3L	633578	633954	27.8005314
chr3L	644130	644464	27.9221554
chr3L	653993	654454	35.6854668
chr3L	696781	697105	24.4166660
chr3L	711824	712576	28.2593079
chr3L	738673	739175	25.6394424
chr3L	762273	762662	24.3753204
chr3L	781104	781531	31.4332561
chr3L	802736	803087	25.7663822
chr3L	819505	819860	25.4338036
chr3L	837552	837894	33.1023407
chr3L	1032601	1032958	18.4173660
chr3L	1086241	1086708	25.0235538
chr3L	1166332	1166616	22.5704231
chr3L	1319021	1319457	20.9931202
chr3L	1334559	1334948	26.2339325
chr3L	1442941	1443235	24.2789116
chr3L	1479352	1479647	22.9491520
chr3L	1558431	1558785	21.0593224
chr3L	1587488	1587801	18.1980839
chr3L	1645119	1645527	29.7573528
chr3L	1668477	1668927	36.0022240
chr3L	1746505	1747017	35.1914062
chr3L	1775229	1775664	31.2965527
chr3L	1808710	1809014	27.3026314
chr3L	2115705	2116062	27.8963585
chr3L	2257302	2257704	29.0696526
chr3L	2262570	2262918	22.6206894
chr3L	2373290	2373877	35.8296432
chr3L	2587199	2587662	28.1598263
chr3L	2773942	2774333	25.0562668
chr3L	2851824	2852120	24.4628372
chr3L	3046149	3046870	26.0846043
chr3L	3060626	3061058	42.8078690
chr3L	3081252	3081791	34.0575142
chr3L	3106977	3107353	22.2127666
chr3L	3148155	3148461	22.6699352
chr3L	3192826	3193250	32.5235863
chr3L	3222714	3223455	29.4547901
chr3L	3301286	3301658	29.2365589
chr3L	3303036	3303331	26.0169487
chr3L	3319108	3319559	19.6784916
chr3L	3382441	3382932	24.4256611
chr3L	3396136	3396415	24.0896053
chr3L	3432704	3433298	19.7962971
chr3L	3517904	3518235	17.4078541
chr3L	3616358	3616688	28.3515148
chr3L	3617240	3617585	23.9768124
chr3L	3632237	3632878	19.2230892
chr3L	3665314	3665650	19.5595245
chr3L	3784975	3785456	30.0582123
chr3L	3826569	3826885	20.9683552
chr3L	3862446	3862799	21.6543903
chr3L	3928566	3928825	23.7837830
chr3L	4070453	4071259	24.3610420
chr3L	4228117	4228557	28.5249996
chr3L	4230294	4230776	27.1058083
chr3L	4364285	4364621	21.1815472
chr3L	4406601	4407132	23.4877586
chr3L	4541519	4542220	32.2596283
chr3L	4612868	4613442	25.4721260
chr3L	4698082	4698452	22.3864861
chr3L	4824786	4825116	16.6090908
chr3L	5139250	5139699	55.8106918
chr3L	5277972	5278293	22.7538948
chr3L	5447175	5447495	21.9937496
chr3L	5511819	5512357	25.7100372
chr3L	5770651	5771452	23.9563046
chr3L	5824056	5824454	23.6909542
chr3L	5976322	5976760	23.5000000
chr3L	6094680	6095093	36.1380157
chr3L	6184968	6185312	31.0552330
chr3L	6262609	6263115	30.8478260
chr3L	6488357	6488790	41.2471123
chr3L	6552696	6553469	21.1099606
chr3L	6955836	6956230	24.7284260
chr3L	6963734	6964106	25.8655910
chr3L	7008245	7008729	19.7024784
chr3L	7134007	7134535	24.6837120
chr3L	7151825	7152148	17.5913315
chr3L	7850930	7851398	24.0405979
chr3L	7855698	7856435	17.8371773
chr3L	7903723	7904200	25.9811325
chr3L	7976090	7976513	23.1583920
chr3L	8127604	8128167	27.0817051
chr3L	8137526	8137982	25.1359653
chr3L	8186589	8187067	23.4874477
chr3L	8299646	8300094	28.1808033
chr3L	8457959	8458502	36.7937393
chr3L	8547095	8547591	25.8729839
chr3L	8600754	8601194	35.8477287
chr3L	8700596	8701044	23.0714283
chr3L	8721077	8721524	37.8456383
chr3L	8765435	8766399	25.6587143
chr3L	9025725	9026006	17.8612099
chr3L	9057739	9058117	23.2698421
chr3L	9383544	9384099	34.4990997
chr3L	9410724	9411129	27.3679008
chr3L	9422656	9423361	33.9234047
chr3L	9426566	9427101	39.2579422
chr3L	9692844	9693331	30.5544147
chr3L	9855698	9856185	25.4147835
chr3L	9856236	9856775	21.4267159
chr3L	10518937	10519293	30.5955048
chr3L	10637810	10638299	23.4683018
chr3L	10656744	10657168	22.7405663
chr3L	10665581	10666187	25.7211227
chr3L	10682571	10683309	27.6070461
chr3L	10752431	10752994	25.3587914
chr3L	10769638	10770168	23.8867931
chr3L	10776389	10776728	27.1651917
chr3L	10855788	10856129	19.1378307
chr3L	11064698	11065055	30.9579830
chr3L	11084484	11085079	28.9714279
chr3L	11089726	11090658	30.1888409
chr3L	11098133	11098674	32.1848412
chr3L	11325714	11326094	28.2184219
chr3L	11353982	11354793	24.6522808
chr3L	11405745	11406264	24.5761070
chr3L	11417427	11418035	17.9013157
chr3L	11555606	11556245	21.2801247
chr3L	11562407	11562785	27.0105820
chr3L	11579966	11580251	16.4842110
chr3L	11648267	11648696	21.8857803
chr3L	12002766	12003153	24.3178291
chr3L	12082299	12082602	20.8481846
chr3L	12124967	12125367	33.0349998
chr3L	12406875	12407343	25.4572659
chr3L	12457348	12457672	18.9290123
chr3L	12514722	12515075	32.8498573
chr3L	12524002	12524455	27.3289185
chr3L	12572360	12572720	19.9750004
chr3L	12684677	12685048	19.1428566
chr3L	12843081	12843575	23.8724689
chr3L	12913638	12914049	25.5523109
chr3L	13023124	13023634	27.0823536
chr3L	13041525	13041994	28.7036247
chr3L	13513016	13513380	27.9258251
chr3L	13862423	13862765	23.5029240
chr3L	13865526	13865807	23.4092522
chr3L	13938511	13939247	20.5869560
chr3L	14004816	14005205	33.7814903
chr3L	14111408	14111794	30.9896374
chr3L	14303869	14304218	31.2893982
chr3L	14448678	14449026	30.7385063
chr3L	14665937	14666290	26.8158646
chr3L	14756800	14757351	25.8348465
chr3L	14759183	14759976	40.8486748
chr3L	14784690	14785314	30.5480766
chr3L	14802124	14802600	23.9474792
chr3L	15013905	15014309	23.6707916
chr3L	15508220	15508525	36.3803291
chr3L	15588045	15588358	24.0670929
chr3L	15619545	15619916	25.6657677
chr3L	15714018	15714508	20.3632660
chr3L	15925014	15925467	23.6313457
chr3L	15982753	15983193	36.0613632
chr3L	16128508	16129247	26.8822727
chr3L	16480381	16480780	36.8020058
chr3L	16533832	16534287	16.1604404
chr3L	16660236	16660814	31.1089973
chr3L	16890482	16891104	23.1929264
chr3L	17003895	17004603	23.6694908
chr3L	17428806	17429166	27.9055557
chr3L	17433568	17433971	44.3523560
chr3L	17485438	17485766	25.6981716
chr3L	17654111	17654645	22.7209740
chr3L	17658424	17658695	30.5535049
chr3L	18004986	18005515	22.2741013
chr3L	18029658	18029985	27.1376152
chr3L	18148318	18148826	22.3110237
chr3L	18185720	18186164	24.0990982
chr3L	18281293	18281649	18.0224724
chr3L	18348566	18349011	19.6539326
chr3L	18460906	18461498	17.4070950
chr3L	18890467	18891194	29.2668495
chr3L	18898637	18899204	23.8412704
chr3L	19045240	19045734	25.1740894
chr3L	19516504	19516892	20.2293816
chr3L	19560471	19561148	29.9453468
chr3L	19590398	19590913	60.9165039
chr3L	19611923	19612567	34.2608681
chr3L	19817744	19818255	22.3561649
chr3L	19903067	19903483	31.6899033
chr3L	20247541	20247939	28.6708546
chr3L	20302071	20302527	23.1030693
chr3L	20375894	20376228	25.2335339
chr3L	20399343	20400132	25.7135620
chr3L	20444784	20445187	20.4590569
chr3L	20508016	20508570	25.0036106
chr3L	20526148	20526726	33.7128029
chr3L	20711449	20711790	20.8211136
chr3L	20778159	20778534	23.6293335
chr3L	20798409	20798761	41.2869301
chr3L	20944154	20944484	20.9636364
chr3L	21031295	21031931	25.7751579
chr3L	21037362	21037722	24.2694435
chr3L	21172461	21172763	25.8211918
chr3L	21304374	21304836	40.0000000
chr3L	21433160	21433484	25.0061722
chr3L	21604354	21604680	27.1012268
chr3L	21652863	21653165	25.4403973
chr3L	21679710	21680020	21.3258057
chr3L	21728612	21729032	31.4214287
chr3L	21828208	21828570	20.6160221
chr3L	21840095	21840606	29.7592964
chr3L	21880323	21880703	37.6605263
chr3L	22075800	22076289	27.8895702
chr3L	22288296	22288716	29.5833340
chr3L	22741301	22741889	29.8605442
chr3L	22878642	22879354	44.0547752
chr3R	4214100	4214384	19.9190140
chr3R	4333914	4334357	21.8735886
chr3R	4395093	4395582	21.7770958
chr3R	5010023	5010528	25.7544556
chr3R	5053610	5053950	29.1529408
chr3R	5107797	5108439	23.5560741
chr3R	5113031	5113577	31.9688644
chr3R	5126946	5127322	18.9760647
chr3R	5215342	5215793	48.5920181
chr3R	5232204	5232505	23.0631237
chr3R	5298971	5299335	22.2774734
chr3R	5371617	5371963	29.1560688
chr3R	5485236	5485616	19.7500000
chr3R	5654627	5655213	30.9692841
chr3R	5669258	5669705	31.8434010
chr3R	5788948	5789563	25.3056908
chr3R	5791379	5791954	35.4799995
chr3R	6373770	6374349	20.6597576
chr3R	6423974	6424264	29.0068970
chr3R	6759421	6759864	24.8261852
chr3R	6762675	6763458	24.6896553
chr3R	6920034	6920495	17.7180042
chr3R	7066915	7067481	31.2190819
chr3R	7127973	7128336	28.2369137
chr3R	7346494	7346863	25.8184280
chr3R	7506262	7506684	21.7014217
chr3R	7810107	7810566	34.7930298
chr3R	8001256	8001736	29.6812496
chr3R	8334067	8334483	25.2812500
chr3R	8650725	8651244	41.6358376
chr3R	8669163	8669783	34.7112885
chr3R	8731654	8732170	23.1666660
chr3R	8992955	8993232	23.7003613
chr3R	9399952	9400344	24.3086739
chr3R	9401132	9401547	37.8795166
chr3R	9533098	9533726	30.6496811
chr3R	9534178	9534493	34.9587288
chr3R	9573783	9574471	35.9869194
chr3R	9577541	9578135	29.6296291
chr3R	9771489	9772022	23.4090061
chr3R	10170445	10170825	26.4342098
chr3R	10415975	10416267	23.3527393
chr3R	10597628	10598033	26.7209873
chr3R	10681058	10681359	29.2425251
chr3R	10760775	10761262	31.4907589
chr3R	10784033	10784400	19.0599461
chr3R	10849310	10849868	28.6577053
chr3R	10875732	10876513	19.8988476
chr3R	10886705	10887334	24.4372025
chr3R	11197076	11197564	42.4733620
chr3R	11216132	11216615	30.1345749
chr3R	11226397	11226848	31.6186256
chr3R	11392819	11393154	23.5611935
chr3R	11409792	11410174	24.1099472
chr3R	11421741	11422118	34.5702934
chr3R	11557505	11557865	23.7972221
chr3R	11562098	11562947	26.6925793
chr3R	11649496	11649842	32.0289001
chr3R	11655721	11656322	29.4425964
chr3R	11656650	11657046	33.3308067
chr3R	11678001	11678412	28.1922150
chr3R	11779396	11779945	21.1821499
chr3R	11779999	11780521	29.6379318
chr3R	11849512	11850006	25.6659927
chr3R	11887250	11887542	23.0068493
chr3R	12010312	12010790	19.8033466
chr3R	12121140	12121563	32.2813225
chr3R	12221334	12221939	23.8925629
chr3R	12402968	12403302	34.4520950
chr3R	12448951	12449556	44.0809898
chr3R	13067968	13068443	26.4968414
chr3R	13400872	13401218	27.8959541
chr3R	13686485	13686939	25.5374451
chr3R	13800439	13800800	15.5069256
chr3R	13915669	13916037	19.8559780
chr3R	13983460	13983849	29.9768639
chr3R	14052137	14052606	21.7675915
chr3R	14053389	14053876	31.5564690
chr3R	14108495	14108987	25.5609760
chr3R	14122315	14122694	22.6200523
chr3R	14125469	14125852	29.4438648
chr3R	14373187	14373656	23.9275055
chr3R	14382610	14382973	20.4187336
chr3R	14558355	14558898	24.2615108
chr3R	14655148	14655590	29.9660625
chr3R	14738345	14738909	29.2056732
chr3R	15087553	15087956	22.3374691
chr3R	15196107	15196918	22.8421707
chr3R	15218923	15219284	22.9639893
chr3R	15229293	15229748	55.2461548
chr3R	15275100	15275551	34.8713951
chr3R	15965184	15965529	23.8086948
chr3R	16097690	16097952	25.3549614
chr3R	16221642	16222752	33.7315331
chr3R	16280525	16280979	49.0704842
chr3R	16442854	16443290	23.2247715
chr3R	16448684	16449659	31.2256413
chr3R	16497288	16497779	23.6843185
chr3R	16798668	16799083	28.8987961
chr3R	16986436	16986862	27.3169022
chr3R	17064923	17065662	27.1894455
chr3R	17079659	17080387	22.8818684
chr3R	17080543	17081195	26.0230064
chr3R	17391303	17391953	30.5553837
chr3R	17700372	17700880	33.3936996
chr3R	17704221	17704662	46.7392273
chr3R	18125055	18125364	23.5533981
chr3R	18172211	18172667	20.3157902
chr3R	18188610	18189164	28.2472916
chr3R	18220202	18220594	34.6913261
chr3R	18397019	18397463	33.2274780
chr3R	18402619	18403247	32.7245216
chr3R	18583602	18584618	34.7598419
chr3R	18659083	18659609	24.8212929
chr3R	18719811	18720154	21.6501465
chr3R	18741532	18742072	26.2148151
chr3R	18758871	18759242	19.5983829
chr3R	18995703	18996092	22.9408741
chr3R	19162110	19162528	22.2129192
chr3R	19402932	19403502	27.9228077
chr3R	19460588	19461127	21.0593700
chr3R	19499101	19499411	29.4419346
chr3R	19584692	19585291	23.1919861
chr3R	19908853	19909184	20.2054386
chr3R	20035860	20036327	32.4025688
chr3R	20285719	20286250	18.9416199
chr3R	20821834	20822220	30.7383423
chr3R	21097740	21098308	20.9348583
chr3R	21113090	21113554	27.5603447
chr3R	21365239	21365614	33.2879982
chr3R	21520206	21520900	24.7291069
chr3R	21870279	21870696	35.6570740
chr3R	22027239	22027781	25.3394833
chr3R	22362593	22362945	30.1250000
chr3R	22410921	22411328	17.2579861
chr3R	23225254	23225650	22.3611107
chr3R	23280928	23281289	32.0775604
chr3R	23326352	23326691	23.3746319
chr3R	23646226	23646564	20.9082832
chr3R	23678407	23678969	25.2330952
chr3R	23757787	23758431	37.8214302
chr3R	23772806	23773230	20.8042450
chr3R	23886959	23887378	29.1384239
chr3R	23940485	23940811	25.2914104
chr3R	23958205	23958813	19.8930912
chr3R	24099021	24099318	25.1717167
chr3R	24109080	24109420	38.8176460
chr3R	24141049	24141366	21.6309147
chr3R	24151826	24152440	23.7996750
chr3R	24161452	24161837	21.7142849
chr3R	24193401	24193883	24.7302914
chr3R	24230312	24230728	26.6105766
chr3R	24295926	24296261	25.7223873
chr3R	24543086	24543443	28.1484585
chr3R	24556949	24557260	24.3922825
chr3R	24572506	24572836	39.4121208
chr3R	24768805	24769226	32.6722107
chr3R	24787239	24787641	26.0771141
chr3R	24850441	24850759	26.7515717
chr3R	24876590	24876870	30.9107151
chr3R	25024921	25025298	36.2997360
chr3R	25247201	25247802	38.4292831
chr3R	25258583	25259071	39.4672127
chr3R	25446113	25446505	19.6530609
chr3R	25472835	25473581	38.3806953
chr3R	25490765	25491083	24.5283012
chr3R	25646872	25647258	27.4663219
chr3R	25680546	25680925	33.0105553
chr3R	25737980	25738417	24.5583515
chr3R	25879248	25879898	23.1169224
chr3R	25996473	25996790	28.1293373
chr3R	26042309	26042684	38.7039986
chr3R	26059160	26059580	28.6261902
chr3R	26130599	26130924	19.4338455
chr3R	26228026	26228429	27.0198517
chr3R	26238759	26239335	16.8628464
chr3R	26436642	26436905	18.7566547
chr3R	26714192	26714609	32.0455627
chr3R	26866464	26866991	29.7571163
chr3R	27112256	27112624	29.8750000
chr3R	27281066	27281373	29.7817593
chr3R	27288483	27288768	30.1824570
chr3R	27635808	27636587	46.2824135
chr3R	28329220	28329531	21.7138271
chr3R	28585135	28585714	24.1588955
chr3R	28672249	28672580	29.0302124
chr3R	28880113	28880414	20.2757473
chr3R	29112746	29113171	22.6376476
chr3R	29214243	29214718	38.5305252
chr3R	29219901	29220309	30.7647057
chr3R	29618491	29619147	28.2667675
chr3R	29736607	29737056	18.9710464
chr3R	30043125	30043621	25.2963715
chr3R	30056581	30056980	24.6766911
chr3R	30189888	30190163	20.7272720
chr3R	30203115	30203569	20.3942738
chr3R	30295978	30296272	23.7959175
chr3R	30450177	30450684	23.5463505
chr3R	30540260	30540560	29.2166672
chr3R	30570565	30570867	18.6059608
chr3R	30781625	30782185	28.2821426
chr3R	30817280	30817618	27.3047333
chr3R	31383990	31384409	32.2720757
chr3R	31404403	31405222	36.2283287
chr3R	31588338	31588829	34.2118111
chr3R	31592572	31592853	21.2989330
chr3R	31615888	31616419	38.5028267
chr3R	31686967	31687361	24.6040611
chr3R	31776592	31777079	22.7166328
chr4	66951	67459	22.9940948
chr4	424612	424962	32.4685707
chr4	497694	498234	30.4111118
chr4	1027027	1027436	22.6528111
chrX	493800	494288	36.7971306
chrX	522483	522793	27.9709682
chrX	523306	523691	40.3038979
chrX	654926	655307	29.7454071
chrX	686437	686762	26.9938469
chrX	764880	765439	24.9445438
chrX	935086	935551	33.2279587
chrX	1275267	1275781	37.6070023
chrX	1276899	1277424	21.0857143
chrX	1669229	1669522	19.9283276
chrX	1830397	1831366	33.1816292
chrX	1845445	1845800	17.3661976
chrX	1861761	1862141	21.6815796
chrX	1939999	1940497	18.0140572
chrX	1947577	1947925	33.8448257
chrX	1951784	1952082	26.6778526
chrX	1963780	1964075	29.7525425
chrX	2050101	2050460	30.7910862
chrX	2123859	2124456	25.1206036
chrX	2135045	2135557	20.0644531
chrX	2137654	2138225	39.9422073
chrX	2296106	2296551	26.2988758
chrX	2297538	2297917	40.9234810
chrX	2300565	2300928	30.4931126
chrX	2302162	2302467	17.7540989
chrX	2589384	2589947	23.6234455
chrX	2593798	2594219	21.0950127
chrX	2646092	2646809	29.1938629
chrX	2703680	2704172	50.7926826
chrX	2744000	2744386	19.4222794
chrX	2786607	2786952	24.2579708
chrX	2919815	2920077	16.4389305
chrX	2985291	2985548	16.8793774
chrX	3025542	3025838	18.5202694
chrX	3097056	3097520	21.9331894
chrX	3188454	3188759	21.7016392
chrX	3255347	3256230	16.6364670
chrX	3294766	3295229	33.2008629
chrX	3355005	3355636	14.4833593
chrX	3427395	3427915	16.0499992
chrX	3546175	3546515	17.1000004
chrX	3741932	3742443	43.6164398
chrX	3774281	3774602	24.0809975
chrX	3838654	3838949	16.7322025
chrX	3868518	3868864	19.9046249
chrX	4324792	4325171	36.0817947
chrX	4507160	4507460	20.6100006
chrX	4590040	4590343	22.4719467
chrX	4666795	4667290	33.3939400
chrX	4684662	4684983	23.4922123
chrX	4906645	4906961	19.5886078
chrX	4909963	4910587	44.4535255
chrX	4939743	4940159	29.1105766
chrX	5046598	5046939	18.6480942
chrX	5419287	5419725	19.7716904
chrX	5677796	5678375	33.0932655
chrX	5705847	5706204	21.8795509
chrX	5747504	5747830	23.7116566
chrX	5755258	5755840	26.8797245
chrX	5763933	5764248	27.7492065
chrX	5895984	5896315	27.1993961
chrX	5900024	5900640	29.8879871
chrX	5918711	5919099	38.5180397
chrX	6000915	6001289	16.4411774
chrX	6031666	6032124	17.7270737
chrX	6074914	6075255	16.2961884
chrX	6097636	6097937	20.9634552
chrX	6193224	6193545	14.8753891
chrX	6265395	6265825	25.9604645
chrX	6353470	6353919	21.2650337
chrX	6366320	6366656	24.4464283
chrX	6549699	6550085	23.0984459
chrX	6601847	6602171	25.8888893
chrX	6679218	6679542	28.2006168
chrX	6744042	6744497	27.1208782
chrX	6770968	6771332	25.5000000
chrX	6794224	6794533	20.5501614
chrX	6849542	6849783	17.5892124
chrX	6852606	6852977	27.7924538
chrX	6855318	6855689	25.6819401
chrX	6863131	6863609	26.3430958
chrX	6969203	6969615	26.7330093
chrX	7004087	7004718	24.2916012
chrX	7011063	7011416	24.3484421
chrX	7101596	7101989	24.6081429
chrX	7277074	7277381	15.8241043
chrX	7291682	7292343	16.5325260
chrX	7324671	7325352	27.3759174
chrX	7553426	7553846	19.1690483
chrX	7579826	7580165	16.5014744
chrX	7618229	7618556	20.8134556
chrX	7698126	7698676	26.5709095
chrX	7705376	7705847	25.4670906
chrX	7708913	7709493	22.5051727
chrX	7734391	7734826	22.1425285
chrX	7901015	7901529	19.5311279
chrX	7972380	7972838	19.4410477
chrX	8061452	8061807	22.2591553
chrX	8090950	8091476	25.2889729
chrX	8092241	8092654	22.1767559
chrX	8455240	8455627	23.4857883
chrX	8464392	8464742	24.5114288
chrX	8492678	8493219	19.7134933
chrX	8538168	8538539	18.4555264
chrX	8656630	8656887	18.6420231
chrX	8677395	8677936	20.0665436
chrX	8681228	8681580	25.3778400
chrX	8709293	8709566	24.2161179
chrX	8863705	8864025	20.5562496
chrX	8896111	8896510	29.0651627
chrX	8898128	8898514	18.9689121
chrX	9081002	9081364	18.4475136
chrX	9196361	9196669	24.3831177
chrX	9349185	9349585	15.5275002
chrX	9352076	9352513	23.6704807
chrX	9486868	9487145	20.2599277
chrX	9500067	9500594	22.0056934
chrX	9553629	9554789	24.6293106
chrX	9579085	9579443	43.0474854
chrX	9579849	9580467	21.0469265
chrX	9583735	9584089	24.0508480
chrX	9600079	9600477	21.3693466
chrX	9640639	9641152	26.7582855
chrX	9645925	9646284	31.4401112
chrX	9687388	9688051	24.5882359
chrX	9876002	9876283	16.0284691
chrX	10088360	10088708	18.4712639
chrX	10232503	10232926	18.5862885
chrX	10265312	10266217	22.6055241
chrX	10546664	10547487	23.4119072
chrX	10581993	10582379	15.4585495
chrX	10771953	10772335	20.4083767
chrX	10832383	10832740	21.7899151
chrX	11351380	11351722	27.2485371
chrX	11423248	11423575	23.2415905
chrX	11449514	11449923	19.1320286
chrX	11576642	11576891	17.5542164
chrX	11818411	11818744	28.2312317
chrX	11857523	11857881	22.5726261
chrX	11915100	11915504	19.0594063
chrX	12202249	12202518	18.0520439
chrX	12221498	12221895	18.2166252
chrX	12472211	12472656	25.9842701
chrX	12473828	12474247	20.2195702
chrX	12579468	12579885	30.7098312
chrX	12665400	12665920	22.8750000
chrX	12666417	12666842	29.7317638
chrX	12734818	12735272	23.0528641
chrX	12735403	12735947	27.1470585
chrX	12754336	12754679	30.4781342
chrX	13099955	13100330	18.8586674
chrX	13131165	13131530	39.3178101
chrX	13616693	13617090	18.9143581
chrX	13640288	13640775	37.2669411
chrX	13640933	13641662	27.5294933
chrX	13739345	13739745	31.1299992
chrX	13890734	13891280	16.1007328
chrX	14217929	14218332	23.5111656
chrX	14237978	14238400	24.9573460
chrX	14633166	14633708	15.9833946
chrX	14689167	14689439	18.2095585
chrX	14717264	14717615	21.1225071
chrX	14839115	14839360	20.4693871
chrX	15021037	15021408	21.5929928
chrX	15022321	15022573	23.0793648
chrX	15074630	15075327	21.2439022
chrX	15085829	15086195	17.5546455
chrX	15298281	15299095	23.9864864
chrX	15549080	15549419	16.4159298
chrX	15554217	15554644	23.4847775
chrX	15579592	15579947	24.3549290
chrX	15599746	15600028	17.9184399
chrX	15619122	15619775	18.6049004
chrX	15671034	15671422	16.6675262
chrX	15697551	15698347	20.3505020
chrX	15740225	15740527	18.4602642
chrX	15867739	15868228	35.1513290
chrX	16090224	16090553	26.2826748
chrX	16278817	16279211	17.0939083
chrX	16332827	16333226	25.4761906
chrX	16335027	16335606	19.0794468
chrX	16359014	16359346	26.4789162
chrX	16383985	16384330	20.8521748
chrX	16391376	16391682	14.9052286
chrX	16404044	16404379	19.0208950
chrX	16650421	16650844	19.9196224
chrX	16691415	16691790	23.4880009
chrX	16751765	16752180	25.4578304
chrX	16811223	16811583	21.6527786
chrX	16930779	16931399	15.2596779
chrX	17129650	17130436	20.1284981
chrX	17148032	17148574	20.0922508
chrX	17178512	17178921	40.5867958
chrX	17510518	17510828	19.8935490
chrX	17595812	17596114	22.2847691
chrX	17631985	17632314	28.2127666
chrX	17698841	17699331	20.5734692
chrX	17702731	17703084	27.0226631
chrX	17844642	17845069	26.8056202
chrX	17880268	17880634	29.7896175
chrX	18085271	18085786	19.2932034
chrX	18092804	18093168	25.2939568
chrX	18405412	18406033	21.1111107
chrX	18848525	18849119	22.4124584
chrX	19018097	19018419	18.2298145
chrX	19154967	19155339	18.9838715
chrX	19155985	19156365	18.8184204
chrX	19289320	19289686	25.1420765
chrX	19298083	19298589	29.4861660
chrX	19321861	19322511	25.9569225
chrX	19597615	19598259	24.7531052
chrX	19668437	19668818	35.5328102
chrX	19846893	19847325	30.4652786
chrX	19848432	19848849	21.5275784
chrX	19850510	19850865	28.2225361
chrX	20429766	20430215	16.9443207
chrX	20480367	20480730	18.0771351
chrX	20505951	20506399	15.9017859
chrX	20654746	20655433	21.4294033
chrX	20760330	20760849	23.3680153
chrX	21053123	21053493	24.1216221
chrX	21054179	21054521	37.8274841
chrX	21058819	21059576	18.5904884
chrX	21124143	21124590	17.0313206
chrX	21241883	21242284	19.6633415
chrX	21319243	21319718	24.5094738
chrX	21339435	21339779	24.1279068
chrX	21366360	21366743	22.3759785
chrX	21367514	21368097	28.8816471
chrX	21593901	21594199	20.7550335
chrX	21631559	21632004	17.0808983
