********************************************************************************
STREME - Sensitive, Thorough, Rapid, Enriched Motif Elicitation
********************************************************************************
MEME version 5.5.9 (Release date: Fri Nov 21 15:33:51 2025 -0800)

For further information on how to interpret these results please access https://meme-suite.org/meme.
To get a copy of the MEME Suite software please access https://meme-suite.org.

********************************************************************************


********************************************************************************
REFERENCE
********************************************************************************
If you use this program in your research, please cite:

Timothy L. Bailey,
"STREME: accurate and versatile sequence motif discovery",
Bioinformatics, Mar. 24, 2021.
********************************************************************************


ALPHABET= ACGT

strands: + -

Background letter frequencies
A 0.305 C 0.195 G 0.195 T 0.305 

MOTIF 1-ATACATATT STREME-1
letter-probability matrix: alength= 4 w= 9 nsites= 126 E= 3.7e-002
 0.997839 0.000606 0.000606 0.000950
 0.122565 0.000606 0.000606 0.876224
 0.952178 0.000606 0.046267 0.000950
 0.162390 0.728531 0.000606 0.108473
 0.955129 0.021895 0.022025 0.000950
 0.000950 0.000606 0.000606 0.997839
 0.897958 0.000606 0.000606 0.100831
 0.000950 0.000606 0.000606 0.997839
 0.114923 0.043445 0.140458 0.701174

MOTIF 2-ATAAATAAWTWAATTWTWWT STREME-2
letter-probability matrix: alength= 4 w= 20 nsites= 97 E= 1.0e-001
 0.837878 0.075455 0.000304 0.086364
 0.086364 0.000304 0.000304 0.913029
 0.709047 0.064719 0.011039 0.215195
 0.848614 0.150606 0.000304 0.000476
 0.666103 0.118399 0.053983 0.161515
 0.000476 0.011039 0.000304 0.988181
 0.848614 0.053983 0.032511 0.064892
 0.902293 0.053983 0.000304 0.043420
 0.301082 0.096927 0.011039 0.590952
 0.279610 0.000304 0.043247 0.676839
 0.429913 0.150606 0.075455 0.344026
 0.462121 0.204286 0.139870 0.193723
 0.719783 0.064719 0.011039 0.204459
 0.301082 0.000304 0.000304 0.698311
 0.129307 0.139870 0.000304 0.730519
 0.311818 0.096927 0.118399 0.472857
 0.118571 0.129135 0.139870 0.612424
 0.505064 0.086191 0.107663 0.301082
 0.376233 0.107663 0.000304 0.515800
 0.204459 0.011039 0.000304 0.784198

MOTIF 3-CCCACTGTGCC STREME-3
letter-probability matrix: alength= 4 w= 11 nsites= 80 E= 1.8e-001
 0.053839 0.828023 0.011629 0.106510
 0.053839 0.865242 0.000745 0.080174
 0.001168 0.959699 0.000745 0.038388
 0.892001 0.053415 0.000745 0.053839
 0.001168 0.970583 0.000745 0.027504
 0.001168 0.000745 0.053415 0.944672
 0.001168 0.053415 0.891577 0.053839
 0.001168 0.053415 0.000745 0.944672
 0.259954 0.000745 0.685462 0.053839
 0.053839 0.891577 0.027080 0.027504
 0.132845 0.680895 0.053415 0.132845

MOTIF 4-RCACTGAGARAAAWNDN STREME-4
letter-probability matrix: alength= 4 w= 17 nsites= 97 E= 2.2e-001
 0.527997 0.000266 0.452477 0.019260
 0.000418 0.970635 0.019108 0.009839
 0.999049 0.000266 0.000266 0.000418
 0.000418 0.998898 0.000266 0.000418
 0.217102 0.009687 0.094477 0.678734
 0.009839 0.132161 0.829319 0.028681
 0.641049 0.132161 0.226372 0.000418
 0.188839 0.094477 0.688003 0.028681
 0.810628 0.094477 0.028529 0.066365
 0.330155 0.066214 0.593793 0.009839
 0.904839 0.075635 0.000266 0.019260
 0.895418 0.037951 0.000266 0.066365
 0.904839 0.019108 0.000266 0.075786
 0.377260 0.122740 0.047372 0.452628
 0.301892 0.169845 0.198108 0.330155
 0.264207 0.103898 0.320582 0.311313
 0.254786 0.245214 0.235793 0.264207

MOTIF 5-CAGTGTGACCGKD STREME-5
letter-probability matrix: alength= 4 w= 13 nsites= 35 E= 2.2e-001
 0.100990 0.797082 0.034111 0.067817
 0.830789 0.034111 0.034111 0.100990
 0.001472 0.100456 0.896600 0.001472
 0.067817 0.000938 0.000938 0.930307
 0.034644 0.034111 0.929773 0.001472
 0.001472 0.067283 0.000938 0.930307
 0.067817 0.000938 0.929773 0.001472
 0.863962 0.000938 0.100456 0.034644
 0.067817 0.830255 0.100456 0.001472
 0.001472 0.929773 0.000938 0.067817
 0.266853 0.034111 0.697564 0.001472
 0.067817 0.199974 0.465356 0.266853
 0.233681 0.067283 0.465356 0.233681

MOTIF 6-ATTCCATTTAWATTTAAWW STREME-6
letter-probability matrix: alength= 4 w= 19 nsites= 42 E= 2.7e+000
 0.816494 0.068598 0.000640 0.114267
 0.023658 0.000640 0.045945 0.929757
 0.136920 0.000640 0.000640 0.861799
 0.091615 0.566952 0.159208 0.182225
 0.091615 0.702867 0.159208 0.046310
 0.816494 0.136555 0.045945 0.001005
 0.046310 0.000640 0.023293 0.929757
 0.046310 0.023293 0.023293 0.907104
 0.227530 0.023293 0.023293 0.725884
 0.703232 0.023293 0.091250 0.182225
 0.522012 0.113903 0.000640 0.363445
 0.680579 0.068598 0.000640 0.250182
 0.136920 0.000640 0.204513 0.657927
 0.023658 0.023293 0.091250 0.861799
 0.204877 0.091250 0.000640 0.703232
 0.680579 0.045945 0.068598 0.204877
 0.793842 0.136555 0.000640 0.068962
 0.612622 0.023293 0.045945 0.318140
 0.544665 0.000640 0.068598 0.386097

MOTIF 7-ACACACACACAVMY STREME-7
letter-probability matrix: alength= 4 w= 14 nsites= 43 E= 4.0e+000
 0.976649 0.000600 0.021811 0.000941
 0.043363 0.955096 0.000600 0.000941
 0.658483 0.000600 0.021811 0.319107
 0.085785 0.679353 0.149077 0.085785
 0.700905 0.000600 0.233921 0.064574
 0.000941 0.912674 0.000600 0.085785
 0.934226 0.000600 0.064233 0.000941
 0.000941 0.955096 0.043022 0.000941
 0.934226 0.000600 0.000600 0.064574
 0.000941 0.912674 0.043022 0.043363
 0.913015 0.064233 0.000600 0.022152
 0.255473 0.361187 0.233921 0.149418
 0.340318 0.361187 0.127866 0.170629
 0.000941 0.509664 0.127866 0.361529

MOTIF 8-GSGTTGCCAS STREME-8
letter-probability matrix: alength= 4 w= 10 nsites= 47 E= 7.0e+000
 0.001057 0.058171 0.939715 0.001057
 0.191661 0.510856 0.296426 0.001057
 0.001057 0.000674 0.997212 0.001057
 0.001057 0.072150 0.000674 0.926119
 0.001057 0.024499 0.000674 0.973770
 0.001057 0.000674 0.997212 0.001057
 0.058555 0.820587 0.000674 0.120185
 0.001057 0.878085 0.048325 0.072534
 0.997596 0.000674 0.000674 0.001057
 0.144010 0.320252 0.534681 0.001057

********************************************************************************
Stopped because 3 consecutive motifs exceeded the p-value threshold (0.05).
********************************************************************************
COMMAND:	streme --p data/chapter4/exclusive_peak_discovery/Dys_exclusive_masked.fa --oc data/chapter4/exclusive_peak_discovery/Dys_exclusive_streme --dna --minw 6 --maxw 20 --thresh 0.05
********************************************************************************
CPU:		Users-MacBook-Pro.local
********************************************************************************
FINALTIME:	6.51 seconds
********************************************************************************
