********************************************************************************
STREME - Sensitive, Thorough, Rapid, Enriched Motif Elicitation
********************************************************************************
MEME version 5.5.5 (Release date: Thu Sep 14 08:48:04 2023 +1000)

For further information on how to interpret these results please access https://meme-suite.org/meme.
To get a copy of the MEME Suite software please access https://meme-suite.org.

********************************************************************************


********************************************************************************
REFERENCE
********************************************************************************
If you use this program in your research, please cite:

Timothy L. Bailey,
"STREME: accurate and versatile sequence motif discovery",
Bioinformatics, Mar. 24, 2021.
********************************************************************************


ALPHABET= ACGT

strands: + -

Background letter frequencies
A 0.303 C 0.197 G 0.197 T 0.303 

MOTIF 1-STRCACTGARARAAAWD STREME-1
letter-probability matrix: alength= 4 w= 17 nsites= 239 E= 5.9e-007
 0.200072 0.263368 0.443729 0.092831
 0.039210 0.014763 0.048885 0.897142
 0.492549 0.000139 0.502224 0.005088
 0.000213 0.994560 0.000139 0.005088
 0.999509 0.000139 0.000139 0.000213
 0.000213 0.965313 0.034261 0.000213
 0.214696 0.083007 0.029387 0.672910
 0.029461 0.073258 0.867820 0.029461
 0.716782 0.112255 0.151252 0.019712
 0.399932 0.014763 0.580218 0.005088
 0.872769 0.073258 0.053760 0.000213
 0.453552 0.019637 0.526597 0.000213
 0.906892 0.053760 0.014763 0.024586
 0.965387 0.005013 0.019637 0.009962
 0.945888 0.005013 0.005013 0.044085
 0.502298 0.126879 0.048885 0.321938
 0.380433 0.063509 0.209747 0.346311

MOTIF 2-CGCTCTCTCTCTCTCTC STREME-2
letter-probability matrix: alength= 4 w= 17 nsites= 146 E= 3.6e-003
 0.029702 0.764104 0.000209 0.205985
 0.029702 0.213218 0.514369 0.242711
 0.000321 0.918352 0.000209 0.081118
 0.066427 0.022245 0.014899 0.896429
 0.007666 0.933042 0.051625 0.007666
 0.000321 0.176493 0.014899 0.808287
 0.000321 0.991803 0.000209 0.007666
 0.088463 0.176493 0.242599 0.492446
 0.066427 0.653927 0.036935 0.242711
 0.198640 0.029590 0.205873 0.565897
 0.000321 0.852246 0.058970 0.088463
 0.059082 0.139767 0.176493 0.624658
 0.037047 0.675962 0.073661 0.213330
 0.154569 0.125077 0.205873 0.514481
 0.066427 0.734723 0.051625 0.147224
 0.154569 0.227909 0.117731 0.499791
 0.007666 0.595166 0.205873 0.191295

MOTIF 3-AAWWAAAATAWATAWAWATW STREME-3
letter-probability matrix: alength= 4 w= 20 nsites= 333 E= 1.8e-002
 0.999678 0.000091 0.000091 0.000140
 0.833621 0.000091 0.000091 0.166197
 0.587728 0.025638 0.057572 0.329061
 0.459991 0.124634 0.073539 0.341835
 0.852781 0.041605 0.003284 0.102329
 0.958164 0.000091 0.019251 0.022494
 0.715465 0.057572 0.025638 0.201325
 0.814460 0.000091 0.016058 0.169391
 0.000140 0.038412 0.000091 0.961358
 0.536633 0.131021 0.178922 0.153424
 0.450411 0.083120 0.000091 0.466378
 0.718658 0.032025 0.006478 0.242839
 0.214098 0.108667 0.019251 0.657983
 0.616469 0.000091 0.083120 0.300321
 0.376963 0.054379 0.012865 0.555794
 0.568567 0.073539 0.124634 0.233259
 0.335448 0.134214 0.006478 0.523860
 0.610082 0.019251 0.118247 0.252419
 0.262000 0.016058 0.060766 0.661177
 0.399316 0.009671 0.019251 0.571761

MOTIF 4-ATACATATCTA STREME-4
letter-probability matrix: alength= 4 w= 11 nsites= 107 E= 5.3e-002
 0.862837 0.037658 0.033206 0.066299
 0.025085 0.008478 0.016720 0.949717
 0.792797 0.049692 0.058237 0.099274
 0.041575 0.860999 0.007773 0.089652
 0.863866 0.024963 0.033206 0.077965
 0.064899 0.036625 0.024963 0.873513
 0.913141 0.000235 0.024963 0.061661
 0.081381 0.082663 0.057935 0.778022
 0.142188 0.639166 0.153054 0.065592
 0.049113 0.053811 0.079426 0.817650
 0.756683 0.082663 0.066177 0.094476

MOTIF 5-CAGTGTGACC STREME-5
letter-probability matrix: alength= 4 w= 10 nsites= 87 E= 7.3e-002
 0.075380 0.677074 0.014954 0.232592
 0.919815 0.014954 0.064595 0.000636
 0.000636 0.000414 0.998314 0.000636
 0.015176 0.000414 0.000414 0.983996
 0.029715 0.014954 0.954695 0.000636
 0.000636 0.014954 0.029487 0.954924
 0.015176 0.000414 0.867457 0.116954
 0.714443 0.000414 0.284507 0.000636
 0.087874 0.911076 0.000414 0.000636
 0.000636 0.998314 0.000414 0.000636

MOTIF 6-CACRCACACACACACACACD STREME-6
letter-probability matrix: alength= 4 w= 20 nsites= 79 E= 1.5e-001
 0.120351 0.865380 0.000379 0.013890
 0.812352 0.000379 0.093533 0.093736
 0.027197 0.852072 0.040302 0.080428
 0.373198 0.053610 0.399610 0.173582
 0.053813 0.878688 0.040302 0.027197
 0.812352 0.013687 0.066918 0.107044
 0.000582 0.998457 0.000379 0.000582
 0.945429 0.000379 0.053610 0.000582
 0.000582 0.985150 0.013687 0.000582
 0.692583 0.053610 0.000379 0.253428
 0.173582 0.532687 0.106841 0.186890
 0.532890 0.120148 0.253225 0.093736
 0.107044 0.745611 0.093533 0.053813
 0.572813 0.120148 0.253225 0.053813
 0.173582 0.745611 0.040302 0.040505
 0.852275 0.013687 0.133456 0.000582
 0.146967 0.692380 0.106841 0.053813
 0.612737 0.160071 0.133456 0.093736
 0.027197 0.559303 0.186687 0.226813
 0.293352 0.080225 0.293149 0.333275

MOTIF 7-AAAAWTAAWAAAAAA STREME-7
letter-probability matrix: alength= 4 w= 15 nsites= 109 E= 1.7e-001
 0.999042 0.000271 0.000271 0.000416
 0.694699 0.180975 0.000271 0.124055
 0.723231 0.085867 0.000271 0.190630
 0.799317 0.199996 0.000271 0.000416
 0.599592 0.000271 0.066846 0.333291
 0.000416 0.000271 0.000271 0.999042
 0.970510 0.028803 0.000271 0.000416
 0.894424 0.000271 0.104889 0.000416
 0.475952 0.133421 0.104889 0.285738
 0.751764 0.000271 0.066846 0.181120
 0.846871 0.000271 0.152443 0.000416
 0.685188 0.199996 0.038314 0.076502
 0.628124 0.000271 0.133421 0.238184
 0.941978 0.000271 0.057335 0.000416
 0.704210 0.000271 0.104889 0.190630

MOTIF 8-CCACTGTRC STREME-8
letter-probability matrix: alength= 4 w= 9 nsites= 110 E= 3.1e-001
 0.028761 0.845969 0.007650 0.117620
 0.002232 0.955369 0.004189 0.038211
 0.978336 0.009714 0.009718 0.002232
 0.000413 0.960241 0.023082 0.016264
 0.000413 0.004189 0.000269 0.995129
 0.002232 0.009711 0.983725 0.004333
 0.002537 0.017379 0.000269 0.979816
 0.591131 0.022231 0.356527 0.030112
 0.028166 0.930006 0.021606 0.020222

MOTIF 9-GCTATCGAW STREME-9
letter-probability matrix: alength= 4 w= 9 nsites= 76 E= 3.5e-001
 0.118374 0.104108 0.645916 0.131602
 0.000772 0.892110 0.106347 0.000772
 0.000772 0.180329 0.000502 0.818397
 0.998224 0.000502 0.000502 0.000772
 0.000772 0.000502 0.000502 0.998224
 0.000772 0.997955 0.000502 0.000772
 0.000772 0.000502 0.997955 0.000772
 0.906875 0.000502 0.035791 0.056831
 0.474941 0.131311 0.000502 0.393245

MOTIF 10-AGVGATG STREME-10
letter-probability matrix: alength= 4 w= 7 nsites= 92 E= 3.8e-001
 0.996216 0.001070 0.001070 0.001643
 0.001643 0.001070 0.995643 0.001643
 0.422592 0.279105 0.296660 0.001643
 0.001643 0.001070 0.995643 0.001643
 0.996216 0.001070 0.001070 0.001643
 0.001643 0.096303 0.001070 0.900984
 0.001643 0.001070 0.995643 0.001643

MOTIF 11-AGVGTTGCCAGAYB STREME-11
letter-probability matrix: alength= 4 w= 14 nsites= 105 E= 6.5e-001
 0.708518 0.000212 0.231307 0.059963
 0.015235 0.000212 0.984227 0.000326
 0.365604 0.298398 0.298398 0.037599
 0.000326 0.015122 0.984227 0.000326
 0.179238 0.246216 0.022576 0.551970
 0.000326 0.000212 0.000212 0.999249
 0.045054 0.000212 0.954408 0.000326
 0.052509 0.738223 0.089668 0.119600
 0.000326 0.887316 0.030031 0.082327
 0.917248 0.007667 0.030031 0.045054
 0.149419 0.253670 0.522038 0.074872
 0.529606 0.179124 0.179124 0.112146
 0.030145 0.276034 0.186579 0.507242
 0.156874 0.350581 0.201488 0.291057

MOTIF 12-CAGCAACAACAACRWC STREME-12
letter-probability matrix: alength= 4 w= 16 nsites= 87 E= 6.5e-001
 0.157539 0.707038 0.123715 0.011708
 0.673556 0.067626 0.112497 0.146321
 0.191192 0.078844 0.572425 0.157539
 0.034144 0.965046 0.000319 0.000490
 0.673556 0.045190 0.280763 0.000490
 0.987653 0.000319 0.011537 0.000490
 0.022926 0.852869 0.033973 0.090233
 0.763298 0.000319 0.235892 0.000490
 0.740862 0.011537 0.157368 0.090233
 0.123886 0.807998 0.067626 0.000490
 0.662338 0.112497 0.179804 0.045362
 0.942782 0.022755 0.033973 0.000490
 0.090233 0.729473 0.067626 0.112668
 0.482854 0.000319 0.314417 0.202410
 0.381894 0.078844 0.112497 0.426765
 0.000490 0.763127 0.146150 0.090233

MOTIF 13-CAGGGGCGTAGNVMRRRR STREME-13
letter-probability matrix: alength= 4 w= 18 nsites= 63 E= 6.5e-001
 0.000661 0.998247 0.000431 0.000661
 0.938004 0.000431 0.015549 0.046016
 0.091372 0.000431 0.680760 0.227438
 0.015779 0.000431 0.831945 0.151845
 0.166964 0.000431 0.726116 0.106490
 0.000661 0.091141 0.862181 0.046016
 0.000661 0.937774 0.060904 0.000661
 0.015779 0.000431 0.983129 0.000661
 0.000661 0.121378 0.166733 0.711228
 0.786820 0.000431 0.151615 0.061135
 0.030898 0.045786 0.680760 0.242556
 0.212319 0.212089 0.196970 0.378622
 0.257674 0.423747 0.212089 0.106490
 0.514688 0.287681 0.196970 0.000661
 0.469333 0.106260 0.333036 0.091372
 0.454214 0.030667 0.333036 0.182082
 0.423977 0.091141 0.333036 0.151845
 0.348385 0.151615 0.484221 0.015779

MOTIF 14-AAGAAGAAGAAGMAGVKDG STREME-14
letter-probability matrix: alength= 4 w= 19 nsites= 50 E= 6.5e-001
 0.599144 0.239877 0.160107 0.000872
 0.738741 0.100280 0.080338 0.080642
 0.000872 0.060395 0.798264 0.140469
 0.698856 0.140165 0.160107 0.000872
 0.838453 0.000568 0.140165 0.020814
 0.020814 0.000568 0.937861 0.040757
 0.698856 0.060395 0.199992 0.040757
 0.997992 0.000568 0.000568 0.000872
 0.060699 0.080338 0.858091 0.000872
 0.658971 0.199992 0.140165 0.000872
 0.818511 0.000568 0.120222 0.060699
 0.000872 0.020510 0.977746 0.000872
 0.459547 0.399416 0.120222 0.020814
 0.599144 0.060395 0.120222 0.220238
 0.220238 0.199992 0.578898 0.000872
 0.240181 0.419358 0.219934 0.120526
 0.100584 0.140165 0.419358 0.339893
 0.359835 0.140165 0.239877 0.260123
 0.200296 0.080338 0.578898 0.140469

MOTIF 15-AATGTATTTAATA STREME-15
letter-probability matrix: alength= 4 w= 13 nsites= 75 E= 6.5e-001
 0.938419 0.009721 0.019172 0.032688
 0.932888 0.038075 0.000269 0.028768
 0.038219 0.009721 0.056978 0.895082
 0.028768 0.066429 0.876035 0.028768
 0.123282 0.038075 0.047527 0.791116
 0.881710 0.028624 0.019172 0.070494
 0.108300 0.000269 0.028624 0.862807
 0.123282 0.075881 0.047527 0.753310
 0.170540 0.130979 0.047527 0.650954
 0.787196 0.013641 0.104235 0.094928
 0.768293 0.056978 0.028624 0.146106
 0.146106 0.009721 0.085332 0.758841
 0.825001 0.075881 0.028624 0.070494

MOTIF 16-AAAAAAAAAACAAAACAAA STREME-16
letter-probability matrix: alength= 4 w= 19 nsites= 80 E= 6.5e-001
 0.985545 0.000374 0.000374 0.013707
 0.959279 0.026640 0.013507 0.000574
 0.814817 0.052906 0.066039 0.066239
 0.788551 0.105438 0.066039 0.039973
 0.749152 0.079172 0.092305 0.079372
 0.893614 0.079172 0.026640 0.000574
 0.854215 0.066039 0.026640 0.053106
 0.893614 0.039773 0.026640 0.039973
 0.946146 0.000374 0.039773 0.013707
 0.854215 0.026640 0.066039 0.053106
 0.079372 0.762085 0.105438 0.053106
 0.696620 0.052906 0.223634 0.026840
 0.867348 0.026640 0.079172 0.026840
 0.709753 0.105438 0.066039 0.118771
 0.630955 0.026640 0.118570 0.223834
 0.197568 0.657021 0.079172 0.066239
 0.630955 0.066039 0.236767 0.066239
 0.644088 0.105438 0.131703 0.118771
 0.604690 0.052906 0.144836 0.197568

MOTIF 17-MACAGCAGCSGYCAVARNR STREME-17
letter-probability matrix: alength= 4 w= 19 nsites= 137 E= 7.0e-001
 0.426449 0.272651 0.139918 0.160982
 0.622055 0.104988 0.272651 0.000305
 0.000305 0.922345 0.077044 0.000305
 0.698901 0.007185 0.258679 0.035235
 0.063179 0.000199 0.922345 0.014277
 0.153996 0.573047 0.111974 0.160982
 0.496308 0.098002 0.181834 0.223856
 0.070165 0.014171 0.915359 0.000305
 0.216870 0.733724 0.000199 0.049207
 0.153996 0.307581 0.538117 0.000305
 0.028249 0.049101 0.922345 0.000305
 0.084137 0.419356 0.146904 0.349603
 0.105095 0.607977 0.153890 0.133039
 0.740816 0.042115 0.084030 0.133039
 0.440420 0.293609 0.230735 0.035235
 0.496308 0.202792 0.244707 0.056193
 0.454392 0.084030 0.279637 0.181940
 0.293715 0.251693 0.167862 0.286730
 0.377547 0.084030 0.363468 0.174954

MOTIF 18-AAACAAA STREME-18
letter-probability matrix: alength= 4 w= 7 nsites= 388 E= 1.0e+000
 0.936618 0.017927 0.017927 0.027527
 0.936618 0.017927 0.017927 0.027527
 0.936618 0.017927 0.017927 0.027527
 0.027527 0.927018 0.017927 0.027527
 0.936618 0.017927 0.017927 0.027527
 0.936618 0.017927 0.017927 0.027527
 0.936618 0.017927 0.017927 0.027527

MOTIF 19-BCAAWCAGCTGWTTGV STREME-19
letter-probability matrix: alength= 4 w= 16 nsites= 90 E= 1.1e+000
 0.133659 0.372995 0.279841 0.213505
 0.186890 0.452841 0.160071 0.200198
 0.512929 0.140110 0.226610 0.120351
 0.805698 0.100187 0.080225 0.013890
 0.599429 0.000379 0.026994 0.373198
 0.007236 0.985150 0.007033 0.000582
 0.998660 0.000379 0.000379 0.000582
 0.000582 0.000379 0.985150 0.013890
 0.013890 0.985150 0.000379 0.000582
 0.000582 0.000379 0.000379 0.998660
 0.000582 0.007033 0.985150 0.007236
 0.373198 0.026994 0.000379 0.599429
 0.013890 0.080225 0.100187 0.805698
 0.120351 0.226610 0.140110 0.512929
 0.200198 0.160071 0.452841 0.186890
 0.213505 0.279841 0.372995 0.133659

MOTIF 20-GHTATCGATADC STREME-20
letter-probability matrix: alength= 4 w= 12 nsites= 64 E= 1.3e+000
 0.276867 0.016707 0.621124 0.085302
 0.203767 0.401823 0.106052 0.288359
 0.146911 0.000463 0.000463 0.852164
 0.949631 0.000463 0.000463 0.049444
 0.025077 0.008585 0.000463 0.965876
 0.008833 0.981872 0.008585 0.000710
 0.000710 0.008585 0.981872 0.008833
 0.965876 0.000463 0.008585 0.025077
 0.049444 0.000463 0.000463 0.949631
 0.852164 0.000463 0.000463 0.146911
 0.288359 0.106052 0.401823 0.203767
 0.085302 0.621124 0.016707 0.276867

MOTIF 21-CAGCTGGCGG STREME-21
letter-probability matrix: alength= 4 w= 10 nsites= 76 E= 1.3e+000
 0.015903 0.982997 0.000434 0.000666
 0.702647 0.076618 0.168038 0.052697
 0.000666 0.098175 0.787515 0.113644
 0.015903 0.861110 0.015671 0.107316
 0.189811 0.061381 0.015671 0.733137
 0.098400 0.000434 0.900500 0.000666
 0.153027 0.061381 0.784926 0.000666
 0.043780 0.955120 0.000434 0.000666
 0.126268 0.000434 0.857402 0.015896
 0.107323 0.046144 0.830629 0.015903

MOTIF 22-RAAGGGTATHYVWWAGTC STREME-22
letter-probability matrix: alength= 4 w= 18 nsites= 44 E= 5.5e+000
 0.611336 0.041276 0.305802 0.041586
 0.611336 0.143017 0.020928 0.224720
 0.814818 0.020928 0.143017 0.021238
 0.000890 0.000579 0.997641 0.000890
 0.041586 0.041276 0.875552 0.041586
 0.021238 0.000579 0.977293 0.000890
 0.000890 0.061624 0.061624 0.875862
 0.916559 0.000579 0.020928 0.061934
 0.000890 0.061624 0.000579 0.936907
 0.184024 0.305802 0.143017 0.367157
 0.021238 0.305802 0.122669 0.550291
 0.346809 0.265106 0.265106 0.122979
 0.387505 0.183713 0.163365 0.265416
 0.509595 0.122669 0.000579 0.367157
 0.692728 0.081972 0.163365 0.061934
 0.021238 0.102320 0.692418 0.184024
 0.000890 0.081972 0.081972 0.835166
 0.061934 0.651722 0.081972 0.204372

********************************************************************************
Stopped because 3 consecutive motifs exceeded the p-value threshold (0.05).
********************************************************************************
COMMAND:	streme --p data/chapter4/Dys_Tgo_joint_peaks_filt_repeatmasked.fa --oc data/motif2_concat_audit/streme_order_sweep/Dys_order2 --dna --minw 6 --maxw 20 --thresh 0.05 --order 2 --verbosity 1
********************************************************************************
CPU:		192.168.10.3
********************************************************************************
FINALTIME:	50.36 seconds
********************************************************************************
