********************************************************************************
STREME - Sensitive, Thorough, Rapid, Enriched Motif Elicitation
********************************************************************************
MEME version 5.5.5 (Release date: Thu Sep 14 08:48:04 2023 +1000)

For further information on how to interpret these results please access https://meme-suite.org/meme.
To get a copy of the MEME Suite software please access https://meme-suite.org.

********************************************************************************


********************************************************************************
REFERENCE
********************************************************************************
If you use this program in your research, please cite:

Timothy L. Bailey,
"STREME: accurate and versatile sequence motif discovery",
Bioinformatics, Mar. 24, 2021.
********************************************************************************


ALPHABET= ACGT

strands: + -

Background letter frequencies
A 0.306 C 0.194 G 0.194 T 0.306 

MOTIF 1-AAAAAAATAWATATWAAAWT STREME-1
letter-probability matrix: alength= 4 w= 20 nsites= 214 E= 2.4e-004
 0.931266 0.014761 0.019635 0.034338
 0.872771 0.044009 0.005012 0.078209
 0.853272 0.039134 0.005012 0.102582
 0.770404 0.078131 0.014761 0.136705
 0.892269 0.000137 0.019635 0.087959
 0.853272 0.019635 0.019635 0.107457
 0.833774 0.009886 0.019635 0.136705
 0.263444 0.058632 0.000137 0.677786
 0.828899 0.014761 0.029385 0.126955
 0.302441 0.122002 0.048883 0.526673
 0.536423 0.151250 0.063507 0.248821
 0.282943 0.063507 0.019635 0.633915
 0.609542 0.068382 0.024510 0.297567
 0.312191 0.029385 0.009886 0.648539
 0.536423 0.063507 0.029385 0.370686
 0.765529 0.044009 0.034259 0.156203
 0.765529 0.029385 0.024510 0.180576
 0.653413 0.029385 0.048883 0.268319
 0.551046 0.053758 0.083005 0.312191
 0.190325 0.053758 0.014761 0.741156

MOTIF 2-AAAATAAAAAM STREME-2
letter-probability matrix: alength= 4 w= 11 nsites= 179 E= 2.7e-004
 0.999398 0.000168 0.000168 0.000265
 0.993408 0.000168 0.006159 0.000265
 0.999398 0.000168 0.000168 0.000265
 0.832910 0.006159 0.000168 0.160763
 0.064769 0.143970 0.000168 0.791093
 0.881123 0.030120 0.082502 0.006255
 0.940619 0.006159 0.045732 0.007490
 0.834842 0.077524 0.018139 0.069495
 0.809483 0.103179 0.030120 0.057219
 0.712029 0.015495 0.134435 0.138040
 0.269832 0.446160 0.087910 0.196097

MOTIF 3-GCAGCAGC STREME-3
letter-probability matrix: alength= 4 w= 8 nsites= 266 E= 3.2e-004
 0.152901 0.004164 0.842644 0.000291
 0.000291 0.958673 0.040745 0.000291
 0.665587 0.056981 0.277141 0.000291
 0.170620 0.090946 0.738143 0.000291
 0.038725 0.920028 0.040956 0.000291
 0.638007 0.086714 0.261391 0.013888
 0.027434 0.075678 0.896598 0.000291
 0.042037 0.920259 0.037414 0.000291

MOTIF 4-AAAGCAAA STREME-4
letter-probability matrix: alength= 4 w= 8 nsites= 183 E= 1.1e-002
 0.923232 0.023864 0.007539 0.045365
 0.760620 0.060627 0.091033 0.087720
 0.817095 0.011239 0.092157 0.079509
 0.000879 0.000559 0.997682 0.000879
 0.000879 0.997682 0.000559 0.000879
 0.865217 0.015147 0.088971 0.030665
 0.921849 0.036824 0.016639 0.024688
 0.791806 0.066290 0.089227 0.052678

MOTIF 5-GCACAGTGGGMMMWV STREME-5
letter-probability matrix: alength= 4 w= 15 nsites= 142 E= 1.2e-002
 0.058631 0.008557 0.932443 0.000368
 0.000368 0.799271 0.008557 0.191804
 0.949224 0.000234 0.033527 0.017015
 0.041985 0.899150 0.058497 0.000368
 0.899284 0.033527 0.025204 0.041985
 0.000368 0.016881 0.957413 0.025338
 0.000368 0.058497 0.066820 0.874314
 0.000368 0.066820 0.932443 0.000368
 0.125218 0.125083 0.682744 0.066955
 0.166834 0.058497 0.599511 0.175157
 0.275037 0.499632 0.108437 0.116894
 0.474796 0.308196 0.125083 0.091924
 0.416533 0.308196 0.133407 0.141864
 0.366593 0.158377 0.116760 0.358270
 0.349947 0.183347 0.308196 0.158511

MOTIF 6-CACTGAAAAAAATG STREME-6
letter-probability matrix: alength= 4 w= 14 nsites= 174 E= 1.9e-001
 0.047417 0.898245 0.020383 0.033954
 0.945473 0.013652 0.020383 0.020492
 0.040686 0.911708 0.020383 0.027223
 0.104057 0.033846 0.033846 0.828252
 0.033954 0.060771 0.844395 0.060880
 0.844503 0.054040 0.047309 0.054148
 0.713819 0.020383 0.225112 0.040686
 0.898354 0.040577 0.033846 0.027223
 0.656026 0.040577 0.255980 0.047417
 0.884891 0.027115 0.040577 0.047417
 0.925279 0.000189 0.020383 0.054148
 0.878160 0.013652 0.027115 0.081074
 0.182044 0.101159 0.040577 0.676220
 0.229163 0.114622 0.484845 0.171370

MOTIF 7-CAACAACAACT STREME-7
letter-probability matrix: alength= 4 w= 11 nsites= 131 E= 1.9e-001
 0.000447 0.978629 0.020477 0.000447
 0.928308 0.030574 0.010381 0.030737
 0.869458 0.105435 0.014564 0.010543
 0.176241 0.701867 0.020477 0.101414
 0.914028 0.020477 0.044854 0.020640
 0.930039 0.044854 0.020477 0.004630
 0.071124 0.913866 0.000284 0.014727
 0.938405 0.000284 0.050768 0.010543
 0.898018 0.000284 0.091155 0.010543
 0.273059 0.610977 0.004467 0.111497
 0.241020 0.050768 0.176112 0.532101

MOTIF 8-CGCTCTCT STREME-8
letter-probability matrix: alength= 4 w= 8 nsites= 50 E= 2.0e-001
 0.001488 0.996077 0.000946 0.001488
 0.001488 0.000946 0.996077 0.001488
 0.001488 0.996077 0.000946 0.001488
 0.001488 0.000946 0.000946 0.996620
 0.001488 0.996077 0.000946 0.001488
 0.001488 0.000946 0.000946 0.996620
 0.001488 0.996077 0.000946 0.001488
 0.047343 0.169192 0.094676 0.688789

MOTIF 9-GGCWGCC STREME-9
letter-probability matrix: alength= 4 w= 7 nsites= 215 E= 2.7e-001
 0.055586 0.245531 0.550006 0.148877
 0.000881 0.000560 0.997678 0.000881
 0.000881 0.997678 0.000560 0.000881
 0.363858 0.136142 0.136142 0.363858
 0.000881 0.000560 0.997678 0.000881
 0.000881 0.997678 0.000560 0.000881
 0.148877 0.550006 0.245531 0.055586

MOTIF 10-CGCACACRCACMCACRCNCA STREME-10
letter-probability matrix: alength= 4 w= 20 nsites= 207 E= 3.1e-001
 0.021158 0.711650 0.130938 0.136254
 0.047316 0.021074 0.805819 0.125791
 0.052548 0.947074 0.000147 0.000231
 0.544322 0.193718 0.115243 0.146717
 0.010695 0.915684 0.073390 0.000231
 0.669881 0.151865 0.005379 0.172875
 0.000231 0.805819 0.062927 0.131022
 0.460616 0.125706 0.246034 0.167644
 0.251350 0.643639 0.083853 0.021158
 0.507700 0.104780 0.204181 0.183339
 0.178107 0.716882 0.083853 0.021158
 0.460616 0.240802 0.157096 0.141486
 0.151949 0.617480 0.151865 0.078706
 0.518164 0.198949 0.157096 0.125791
 0.178107 0.580859 0.125706 0.115327
 0.476311 0.167560 0.246034 0.110096
 0.094401 0.559932 0.183254 0.162412
 0.225192 0.256497 0.266961 0.251350
 0.099633 0.633175 0.162328 0.104864
 0.497237 0.162328 0.225108 0.115327

MOTIF 11-AAATATWTTTAWAWHWTWWA STREME-11
letter-probability matrix: alength= 4 w= 20 nsites= 188 E= 4.1e-001
 0.891408 0.090974 0.000122 0.017497
 0.869777 0.000122 0.008774 0.121328
 0.865450 0.000122 0.000122 0.134306
 0.000191 0.077995 0.000122 0.921692
 0.744314 0.039058 0.160195 0.056433
 0.233811 0.047711 0.073669 0.644809
 0.346295 0.000122 0.069342 0.584241
 0.147285 0.039058 0.069342 0.744314
 0.030475 0.026079 0.168847 0.774598
 0.203527 0.160195 0.026079 0.610199
 0.653462 0.060690 0.086648 0.199201
 0.502042 0.073669 0.034732 0.389558
 0.640483 0.008774 0.052037 0.298706
 0.268422 0.129910 0.069342 0.532326
 0.367926 0.233742 0.052037 0.346295
 0.467431 0.017427 0.026079 0.489063
 0.303032 0.017427 0.004448 0.675093
 0.471757 0.026079 0.116932 0.385232
 0.545304 0.034732 0.082321 0.337642
 0.696725 0.034732 0.086648 0.181896

MOTIF 12-GCAAACAAA STREME-12
letter-probability matrix: alength= 4 w= 9 nsites= 108 E= 6.4e-001
 0.023350 0.134413 0.818886 0.023350
 0.027902 0.910963 0.015507 0.045629
 0.878404 0.033873 0.074868 0.012855
 0.959737 0.000369 0.005809 0.034085
 0.945585 0.026630 0.026607 0.001178
 0.051260 0.925880 0.010830 0.012030
 0.971223 0.013500 0.013481 0.001797
 0.854544 0.024753 0.097666 0.023037
 0.880506 0.052891 0.052891 0.013711

MOTIF 13-AAAATTCAAATT STREME-13
letter-probability matrix: alength= 4 w= 12 nsites= 120 E= 6.4e-001
 0.741954 0.173763 0.074582 0.009701
 0.999067 0.000261 0.000261 0.000411
 0.896876 0.018841 0.000261 0.084022
 0.826213 0.098795 0.000261 0.074732
 0.065442 0.028131 0.028131 0.878295
 0.078581 0.026526 0.037422 0.857472
 0.111892 0.608792 0.069141 0.210175
 0.956716 0.037422 0.005451 0.000411
 0.818706 0.046712 0.013400 0.121182
 0.850425 0.102452 0.009551 0.037571
 0.065442 0.052992 0.055988 0.825578
 0.018991 0.046712 0.093162 0.841135

MOTIF 14-AACAGCTGTTTKSNVNNN STREME-14
letter-probability matrix: alength= 4 w= 18 nsites= 60 E= 6.9e-001
 0.560756 0.210485 0.210485 0.018273
 0.613254 0.087989 0.087989 0.210767
 0.000774 0.997960 0.000492 0.000774
 0.998242 0.000492 0.000492 0.000774
 0.000774 0.000492 0.997960 0.000774
 0.000774 0.997960 0.000492 0.000774
 0.000774 0.000492 0.000492 0.998242
 0.000774 0.000492 0.980461 0.018273
 0.263266 0.122988 0.017991 0.595755
 0.035773 0.017991 0.087989 0.858247
 0.000774 0.262984 0.087989 0.648253
 0.053272 0.000492 0.595473 0.350763
 0.105771 0.280483 0.420479 0.193268
 0.158269 0.245484 0.315482 0.280765
 0.315764 0.297982 0.245484 0.140770
 0.228267 0.245484 0.262984 0.263266
 0.298264 0.192986 0.332981 0.175768
 0.263266 0.297982 0.262984 0.175768

MOTIF 15-CACACTGC STREME-15
letter-probability matrix: alength= 4 w= 8 nsites= 95 E= 6.9e-001
 0.121771 0.819261 0.002224 0.056744
 0.976390 0.013871 0.000563 0.009177
 0.059833 0.918404 0.019271 0.002492
 0.937058 0.034104 0.020575 0.008263
 0.024270 0.858689 0.080614 0.036427
 0.064716 0.034104 0.000563 0.900618
 0.010615 0.044033 0.899848 0.045505
 0.015309 0.894952 0.075967 0.013772

MOTIF 16-CAGTGGCG STREME-16
letter-probability matrix: alength= 4 w= 8 nsites= 43 E= 6.9e-001
 0.001844 0.995140 0.001172 0.001844
 0.895162 0.001172 0.018444 0.085222
 0.001844 0.001172 0.995140 0.001844
 0.077271 0.134139 0.253506 0.535084
 0.001844 0.001172 0.995140 0.001844
 0.001844 0.001172 0.995140 0.001844
 0.001844 0.995140 0.001172 0.001844
 0.001844 0.001172 0.995140 0.001844

MOTIF 17-AGTGYTGCMAAACGHNBGVV STREME-17
letter-probability matrix: alength= 4 w= 20 nsites= 106 E= 7.4e-001
 0.846142 0.027245 0.117218 0.009395
 0.027390 0.045239 0.926973 0.000398
 0.090371 0.045239 0.216188 0.648202
 0.000398 0.000253 0.998951 0.000398
 0.000398 0.504101 0.000253 0.495248
 0.000398 0.000253 0.117218 0.882132
 0.000398 0.009250 0.989954 0.000398
 0.072376 0.630063 0.207190 0.090371
 0.333297 0.504101 0.072231 0.090371
 0.810153 0.099223 0.018247 0.072376
 0.711183 0.054237 0.171201 0.063379
 0.567227 0.162204 0.234182 0.036387
 0.054382 0.621065 0.063234 0.261319
 0.162349 0.036242 0.657054 0.144354
 0.261319 0.369141 0.180199 0.189341
 0.306306 0.297163 0.180199 0.216333
 0.153352 0.261174 0.360144 0.225330
 0.117363 0.252177 0.513098 0.117363
 0.306306 0.297163 0.333152 0.063379
 0.324300 0.243180 0.369141 0.063379

MOTIF 18-AAAAAAAAGMAAVAA STREME-18
letter-probability matrix: alength= 4 w= 15 nsites= 106 E= 7.4e-001
 0.908100 0.034354 0.057044 0.000502
 0.749271 0.011664 0.181839 0.057227
 0.771961 0.000319 0.227219 0.000502
 0.998860 0.000319 0.000319 0.000502
 0.976170 0.023009 0.000319 0.000502
 0.737926 0.057044 0.147804 0.057227
 0.760616 0.102424 0.136459 0.000502
 0.703891 0.068389 0.159149 0.068572
 0.000502 0.023009 0.975988 0.000502
 0.556406 0.295289 0.011664 0.136642
 0.692546 0.000319 0.249909 0.057227
 0.624476 0.011664 0.283944 0.079917
 0.272781 0.352013 0.272599 0.102607
 0.601786 0.113769 0.204529 0.079917
 0.749271 0.045699 0.147804 0.057227

MOTIF 19-AAATGT STREME-19
letter-probability matrix: alength= 4 w= 6 nsites= 271 E= 8.8e-001
 0.936882 0.017664 0.017664 0.027791
 0.936882 0.017664 0.017664 0.027791
 0.936882 0.017664 0.017664 0.027791
 0.027791 0.017664 0.017664 0.936882
 0.027791 0.017664 0.926755 0.027791
 0.027791 0.017664 0.017664 0.936882

MOTIF 20-AAATTTAAAAAA STREME-20
letter-probability matrix: alength= 4 w= 12 nsites= 114 E= 9.0e-001
 0.958579 0.000258 0.031583 0.009580
 0.872206 0.000258 0.000258 0.127278
 0.797251 0.110340 0.018607 0.073802
 0.000406 0.000258 0.000258 0.999078
 0.147199 0.018607 0.027782 0.806412
 0.000406 0.000258 0.036956 0.962380
 0.635239 0.068281 0.163828 0.132651
 0.756738 0.101178 0.110353 0.031731
 0.824774 0.027782 0.101178 0.046266
 0.626065 0.072082 0.145479 0.156374
 0.913134 0.013234 0.031583 0.042049
 0.880237 0.040757 0.051076 0.027930

MOTIF 21-CAACAAA STREME-21
letter-probability matrix: alength= 4 w= 7 nsites= 80 E= 1.1e+000
 0.027791 0.926755 0.017664 0.027791
 0.936882 0.017664 0.017664 0.027791
 0.936882 0.017664 0.017664 0.027791
 0.027791 0.926755 0.017664 0.027791
 0.936882 0.017664 0.017664 0.027791
 0.936882 0.017664 0.017664 0.027791
 0.936882 0.017664 0.017664 0.027791

MOTIF 22-GCGAAAAGT STREME-22
letter-probability matrix: alength= 4 w= 9 nsites= 59 E= 2.9e+000
 0.000837 0.019398 0.978929 0.000837
 0.110721 0.772161 0.019446 0.097672
 0.000837 0.282882 0.715445 0.000837
 0.958100 0.019398 0.021665 0.000837
 0.979186 0.019446 0.000532 0.000837
 0.979213 0.019419 0.000532 0.000837
 0.960272 0.019446 0.019446 0.000837
 0.236580 0.000532 0.727831 0.035058
 0.057579 0.038360 0.065074 0.838987

MOTIF 23-GCASTGC STREME-23
letter-probability matrix: alength= 4 w= 7 nsites= 164 E= 3.8e+000
 0.001175 0.000747 0.996904 0.001175
 0.001175 0.996904 0.000747 0.001175
 0.737241 0.081305 0.012475 0.168979
 0.090128 0.409872 0.409872 0.090128
 0.168979 0.012475 0.081305 0.737241
 0.001175 0.000747 0.996904 0.001175
 0.001175 0.996904 0.000747 0.001175

MOTIF 24-AAATAAATAWA STREME-24
letter-probability matrix: alength= 4 w= 11 nsites= 112 E= 4.7e+000
 0.950012 0.025547 0.002772 0.021669
 0.952430 0.025547 0.000354 0.021669
 0.923174 0.000354 0.075915 0.000557
 0.025750 0.068555 0.000354 0.905341
 0.876604 0.046659 0.055959 0.020779
 0.823049 0.016847 0.000354 0.159750
 0.867569 0.075933 0.012932 0.043565
 0.007346 0.126300 0.000354 0.865999
 0.955726 0.000354 0.012951 0.030969
 0.366707 0.111320 0.068555 0.453417
 0.798249 0.025529 0.087508 0.088714

********************************************************************************
Stopped because 3 consecutive motifs exceeded the p-value threshold (0.05).
********************************************************************************
COMMAND:	streme --p data/chapter3/Trh_Tgo_joint_peaks_filt_repeatmasked.fa --oc data/motif2_concat_audit/streme_order_sweep/Trh_order0 --dna --minw 6 --maxw 20 --thresh 0.05 --order 0 --verbosity 1
********************************************************************************
CPU:		192.168.10.3
********************************************************************************
FINALTIME:	26.60 seconds
********************************************************************************
