********************************************************************************
STREME - Sensitive, Thorough, Rapid, Enriched Motif Elicitation
********************************************************************************
MEME version 5.5.5 (Release date: Thu Sep 14 08:48:04 2023 +1000)

For further information on how to interpret these results please access https://meme-suite.org/meme.
To get a copy of the MEME Suite software please access https://meme-suite.org.

********************************************************************************


********************************************************************************
REFERENCE
********************************************************************************
If you use this program in your research, please cite:

Timothy L. Bailey,
"STREME: accurate and versatile sequence motif discovery",
Bioinformatics, Mar. 24, 2021.
********************************************************************************


ALPHABET= ACGT

strands: + -

Background letter frequencies
A 0.306 C 0.194 G 0.194 T 0.306 

MOTIF 1-AAATAAATTTAAATATW STREME-1
letter-probability matrix: alength= 4 w= 17 nsites= 191 E= 3.1e-002
 0.933884 0.000142 0.005189 0.060785
 0.878369 0.010236 0.000142 0.111253
 0.923791 0.010236 0.000142 0.065832
 0.060785 0.040516 0.025376 0.873323
 0.701731 0.060704 0.101078 0.136487
 0.747152 0.060704 0.020329 0.171815
 0.782480 0.010236 0.000142 0.207143
 0.242470 0.080891 0.015282 0.661356
 0.277798 0.000142 0.015282 0.706778
 0.217236 0.131359 0.141453 0.509952
 0.868276 0.015282 0.085938 0.030504
 0.686590 0.020329 0.000142 0.292939
 0.797620 0.050610 0.000142 0.151628
 0.106206 0.065751 0.010236 0.817808
 0.716871 0.055657 0.131359 0.096113
 0.262658 0.000142 0.030423 0.706778
 0.565467 0.050610 0.040516 0.343407

MOTIF 2-VTRCACTGAGAGAAAWDNNN STREME-2
letter-probability matrix: alength= 4 w= 20 nsites= 139 E= 4.9e-002
 0.225434 0.274566 0.380092 0.119908
 0.070662 0.049443 0.056478 0.823416
 0.464627 0.000198 0.534864 0.000311
 0.000311 0.999180 0.000198 0.000311
 0.999293 0.000198 0.000198 0.000311
 0.000311 0.985110 0.007233 0.007346
 0.133978 0.070549 0.091654 0.703820
 0.028452 0.077584 0.851443 0.042522
 0.703820 0.140899 0.098689 0.056592
 0.309855 0.028338 0.633355 0.028452
 0.921907 0.070549 0.007233 0.000311
 0.309855 0.014268 0.675566 0.000311
 0.957083 0.042408 0.000198 0.000311
 0.992258 0.000198 0.000198 0.007346
 0.957083 0.007233 0.035373 0.000311
 0.394276 0.140899 0.021303 0.443522
 0.366136 0.049443 0.246426 0.337995
 0.337995 0.211250 0.232356 0.218399
 0.197294 0.204215 0.295671 0.302820
 0.281715 0.197180 0.246426 0.274679

MOTIF 3-HVAWCAGCTGWTBD STREME-3
letter-probability matrix: alength= 4 w= 14 nsites= 90 E= 4.9e-002
 0.230393 0.377316 0.173867 0.218425
 0.397939 0.215753 0.260119 0.126189
 0.735511 0.131980 0.131980 0.000529
 0.544029 0.006320 0.149931 0.299719
 0.000529 0.998605 0.000336 0.000529
 0.998798 0.000336 0.000336 0.000529
 0.000529 0.000336 0.968686 0.030448
 0.030448 0.968686 0.000336 0.000529
 0.000529 0.000336 0.000336 0.998798
 0.000529 0.000336 0.998605 0.000529
 0.299719 0.149931 0.006320 0.544029
 0.000529 0.131980 0.131980 0.735511
 0.126189 0.260119 0.215753 0.397939
 0.218425 0.173867 0.377316 0.230393

MOTIF 4-AGTGYTGSMAAACGHNBSV STREME-4
letter-probability matrix: alength= 4 w= 19 nsites= 88 E= 1.0e-001
 0.998715 0.000360 0.000360 0.000566
 0.000566 0.000360 0.998508 0.000566
 0.102940 0.013157 0.205108 0.678795
 0.000566 0.000360 0.998508 0.000566
 0.026160 0.371466 0.000360 0.602014
 0.000566 0.000360 0.038750 0.960324
 0.000566 0.000360 0.998508 0.000566
 0.115737 0.461044 0.269092 0.154127
 0.333282 0.473840 0.089937 0.102940
 0.793966 0.051547 0.025953 0.128534
 0.832356 0.038750 0.089937 0.038956
 0.602014 0.115531 0.256295 0.026160
 0.013363 0.627402 0.064344 0.294892
 0.115737 0.064344 0.780963 0.038956
 0.230908 0.448247 0.038750 0.282095
 0.243705 0.281889 0.243498 0.230908
 0.102940 0.294686 0.294686 0.307689
 0.077347 0.307482 0.435450 0.179721
 0.256502 0.281889 0.358669 0.102940

MOTIF 5-CAGGGGCGTMGGC STREME-5
letter-probability matrix: alength= 4 w= 13 nsites= 82 E= 1.0e-001
 0.000605 0.998406 0.000384 0.000605
 0.984955 0.000384 0.014056 0.000605
 0.027948 0.000384 0.848019 0.123648
 0.109977 0.219129 0.547246 0.123648
 0.027948 0.000384 0.971063 0.000605
 0.164663 0.000384 0.779662 0.055291
 0.014276 0.916377 0.055070 0.014276
 0.055291 0.027727 0.861691 0.055291
 0.123648 0.055070 0.178114 0.643167
 0.547466 0.328501 0.068742 0.055291
 0.096305 0.014056 0.820676 0.068962
 0.164663 0.109757 0.533574 0.192006
 0.150992 0.588260 0.082414 0.178335

MOTIF 6-GAGCGAGAGMGRG STREME-6
letter-probability matrix: alength= 4 w= 13 nsites= 78 E= 2.2e-001
 0.057656 0.014657 0.927057 0.000631
 0.984312 0.000401 0.000401 0.014887
 0.171706 0.057426 0.770238 0.000631
 0.128937 0.527882 0.114451 0.228731
 0.029143 0.000401 0.955569 0.014887
 0.827493 0.043170 0.085938 0.043399
 0.014887 0.028913 0.955569 0.000631
 0.970055 0.000401 0.000401 0.029143
 0.043399 0.000401 0.927057 0.029143
 0.542368 0.285526 0.142963 0.029143
 0.057656 0.000401 0.941313 0.000631
 0.442574 0.199988 0.314038 0.043399
 0.100424 0.071682 0.613419 0.214474

MOTIF 7-TATCGATAGCTRSG STREME-7
letter-probability matrix: alength= 4 w= 14 nsites= 60 E= 4.6e-001
 0.185507 0.000519 0.000519 0.813454
 0.998145 0.000519 0.000519 0.000817
 0.000817 0.000519 0.000519 0.998145
 0.000817 0.997847 0.000519 0.000817
 0.019286 0.018988 0.960909 0.000817
 0.942738 0.000519 0.055926 0.000817
 0.037755 0.000519 0.018988 0.942738
 0.905800 0.018988 0.055926 0.019286
 0.203976 0.092864 0.665404 0.037755
 0.037755 0.609997 0.074395 0.277852
 0.203976 0.129802 0.018988 0.647233
 0.499481 0.111333 0.259086 0.130100
 0.148569 0.296024 0.406838 0.148569
 0.130100 0.203679 0.573059 0.093162

MOTIF 8-CCATCTCTAK STREME-8
letter-probability matrix: alength= 4 w= 10 nsites= 73 E= 4.6e-001
 0.001629 0.922026 0.001036 0.075309
 0.001629 0.995706 0.001036 0.001629
 0.922620 0.037875 0.037875 0.001629
 0.001629 0.074715 0.001036 0.922620
 0.001629 0.995706 0.001036 0.001629
 0.112148 0.222073 0.001036 0.664743
 0.001629 0.995706 0.001036 0.001629
 0.001629 0.001036 0.001036 0.996299
 0.959460 0.037875 0.001036 0.001629
 0.038469 0.111555 0.443111 0.406865

MOTIF 9-AGTGTGACCRTNKY STREME-9
letter-probability matrix: alength= 4 w= 14 nsites= 50 E= 4.6e-001
 0.895249 0.000718 0.102903 0.001130
 0.026676 0.000718 0.920383 0.052222
 0.052222 0.000718 0.000718 0.946341
 0.026676 0.000718 0.971476 0.001130
 0.001130 0.000718 0.051811 0.946341
 0.001130 0.000718 0.997022 0.001130
 0.920795 0.000718 0.051811 0.026676
 0.001130 0.997022 0.000718 0.001130
 0.001130 0.945930 0.000718 0.052222
 0.358777 0.000718 0.613828 0.026676
 0.001130 0.179542 0.256181 0.563147
 0.307685 0.256181 0.256181 0.179954
 0.103315 0.205088 0.256181 0.435416
 0.154407 0.383912 0.102903 0.358777

MOTIF 10-GTACAGTGAAGC STREME-10
letter-probability matrix: alength= 4 w= 12 nsites= 36 E= 4.6e-001
 0.037102 0.036530 0.853735 0.072633
 0.037102 0.072060 0.000999 0.889839
 0.960900 0.000999 0.000999 0.037102
 0.037102 0.924797 0.000999 0.037102
 0.854308 0.036530 0.072060 0.037102
 0.001572 0.000999 0.960327 0.037102
 0.001572 0.000999 0.072060 0.925369
 0.072633 0.072060 0.782674 0.072633
 0.747716 0.036530 0.072060 0.143694
 0.960900 0.036530 0.000999 0.001572
 0.108164 0.143122 0.605021 0.143694
 0.285817 0.640551 0.036530 0.037102

MOTIF 11-CAKCCCTG STREME-11
letter-probability matrix: alength= 4 w= 8 nsites= 45 E= 4.6e-001
 0.002321 0.993883 0.001475 0.002321
 0.994729 0.001475 0.001475 0.002321
 0.002321 0.001475 0.545990 0.450214
 0.002321 0.993883 0.001475 0.002321
 0.002321 0.993883 0.001475 0.002321
 0.002321 0.993883 0.001475 0.002321
 0.002321 0.001475 0.001475 0.994729
 0.002321 0.001475 0.993883 0.002321

MOTIF 12-GCACAGTGGGHMNWRRHW STREME-12
letter-probability matrix: alength= 4 w= 18 nsites= 80 E= 4.9e-001
 0.000613 0.000390 0.998384 0.000613
 0.014474 0.762747 0.014251 0.208529
 0.984747 0.000390 0.000390 0.014474
 0.000613 0.998384 0.000390 0.000613
 0.957024 0.028112 0.014251 0.000613
 0.000613 0.000390 0.970662 0.028335
 0.000613 0.000390 0.000390 0.998608
 0.000613 0.000390 0.998384 0.000613
 0.056057 0.000390 0.915218 0.028335
 0.166945 0.028112 0.582553 0.222390
 0.319417 0.291471 0.152861 0.236251
 0.250112 0.471665 0.180583 0.097640
 0.277834 0.319193 0.222166 0.180807
 0.499610 0.139000 0.111278 0.250112
 0.402583 0.194444 0.388499 0.014474
 0.444166 0.152861 0.222166 0.180807
 0.277834 0.374638 0.125139 0.222390
 0.291695 0.152861 0.125139 0.430305

MOTIF 13-CAACAACAAC STREME-13
letter-probability matrix: alength= 4 w= 10 nsites= 81 E= 7.6e-001
 0.039944 0.959053 0.000390 0.000613
 0.963231 0.000390 0.000390 0.035990
 0.804506 0.014254 0.166762 0.014478
 0.000613 0.769081 0.014254 0.216051
 0.963406 0.000390 0.035591 0.000613
 0.901557 0.041983 0.055847 0.000613
 0.000613 0.998384 0.000390 0.000613
 0.970879 0.014254 0.014254 0.000613
 0.984743 0.014254 0.000390 0.000613
 0.167752 0.637144 0.000390 0.194714

MOTIF 14-ACACACACACACGMACAS STREME-14
letter-probability matrix: alength= 4 w= 18 nsites= 49 E= 2.0e+000
 0.722122 0.000596 0.212709 0.064572
 0.022149 0.976316 0.000596 0.000938
 0.785756 0.064230 0.106653 0.043361
 0.043361 0.891471 0.021808 0.043361
 0.806968 0.021808 0.106653 0.064572
 0.149417 0.785414 0.000596 0.064572
 0.849390 0.043019 0.085441 0.022149
 0.022149 0.976316 0.000596 0.000938
 0.764545 0.000596 0.127864 0.106995
 0.000938 0.912682 0.043019 0.043361
 0.722122 0.000596 0.212709 0.064572
 0.043361 0.785414 0.000596 0.170629
 0.170629 0.127864 0.530879 0.170629
 0.319108 0.488456 0.064230 0.128206
 0.700911 0.064230 0.170287 0.064572
 0.085783 0.827837 0.000596 0.085783
 0.870601 0.000596 0.043019 0.085783
 0.106995 0.467245 0.297554 0.128206

MOTIF 15-TAATAAWAWTAAWTTTTW STREME-15
letter-probability matrix: alength= 4 w= 18 nsites= 130 E= 6.1e+000
 0.207734 0.000233 0.000233 0.791799
 0.957693 0.008528 0.008528 0.025251
 0.829836 0.152974 0.000233 0.016956
 0.008662 0.041707 0.108064 0.841568
 0.775210 0.025117 0.033412 0.166261
 0.866452 0.000233 0.000233 0.133082
 0.609316 0.000233 0.000233 0.390217
 0.891336 0.041707 0.033412 0.033546
 0.418538 0.050001 0.116359 0.415102
 0.000367 0.000233 0.108064 0.891336
 0.755184 0.008528 0.078322 0.157966
 0.697121 0.016823 0.058296 0.227760
 0.323860 0.050001 0.025117 0.601021
 0.194581 0.025117 0.050001 0.730300
 0.240913 0.000233 0.215895 0.542959
 0.236055 0.108064 0.066591 0.589290
 0.257502 0.191011 0.016823 0.534664
 0.498049 0.033412 0.074885 0.393654

MOTIF 16-AAAAAAATAACAAAAAC STREME-16
letter-probability matrix: alength= 4 w= 17 nsites= 34 E= 8.0e+000
 0.892503 0.026953 0.079385 0.001160
 0.840071 0.000737 0.105601 0.053591
 0.866287 0.000737 0.131817 0.001160
 0.840071 0.000737 0.000737 0.158455
 0.813855 0.000737 0.026953 0.158455
 0.997366 0.000737 0.000737 0.001160
 0.918719 0.000737 0.000737 0.079807
 0.079807 0.000737 0.053169 0.866287
 0.944935 0.026953 0.000737 0.027376
 0.840071 0.131817 0.000737 0.027376
 0.237103 0.708568 0.026953 0.027376
 0.735207 0.131817 0.026953 0.106023
 0.630343 0.131817 0.000737 0.237103
 0.971151 0.000737 0.026953 0.001160
 0.708991 0.079385 0.158033 0.053591
 0.604127 0.105601 0.158033 0.132239
 0.263319 0.577488 0.079385 0.079807

********************************************************************************
Stopped because 3 consecutive motifs exceeded the p-value threshold (0.05).
********************************************************************************
COMMAND:	streme --p data/chapter3/Trh_Tgo_joint_peaks_filt_repeatmasked.fa --oc data/chapter3/Trh_Tgo_joint_peaks_filt_repeatmasked_streme --dna --minw 6 --maxw 20 --thresh 0.05
********************************************************************************
CPU:		192.168.10.3
********************************************************************************
FINALTIME:	21.20 seconds
********************************************************************************
