********************************************************************************
STREME - Sensitive, Thorough, Rapid, Enriched Motif Elicitation
********************************************************************************
MEME version 5.5.5 (Release date: Thu Sep 14 08:48:04 2023 +1000)

For further information on how to interpret these results please access https://meme-suite.org/meme.
To get a copy of the MEME Suite software please access https://meme-suite.org.

********************************************************************************


********************************************************************************
REFERENCE
********************************************************************************
If you use this program in your research, please cite:

Timothy L. Bailey,
"STREME: accurate and versatile sequence motif discovery",
Bioinformatics, Mar. 24, 2021.
********************************************************************************


ALPHABET= ACGT

strands: + -

Background letter frequencies
A 0.298 C 0.202 G 0.202 T 0.298 

MOTIF 1-AGCARCAAYAACAACKMMM STREME-1
letter-probability matrix: alength= 4 w= 19 nsites= 78 E= 5.5e-002
 0.568623 0.153954 0.276755 0.000668
 0.307671 0.000452 0.691209 0.000668
 0.000668 0.952162 0.015802 0.031368
 0.983077 0.015802 0.000452 0.000668
 0.415122 0.138604 0.414906 0.031368
 0.000668 0.936812 0.000452 0.062068
 0.768175 0.046503 0.184654 0.000668
 0.752825 0.215354 0.031153 0.000668
 0.031368 0.614458 0.031153 0.323021
 0.844926 0.031153 0.092553 0.031368
 0.599324 0.215354 0.184654 0.000668
 0.246270 0.583758 0.092553 0.077419
 0.829576 0.000452 0.107903 0.062068
 0.568623 0.107903 0.138604 0.184870
 0.261620 0.537708 0.200004 0.000668
 0.154169 0.169304 0.430257 0.246270
 0.476522 0.368856 0.046503 0.108119
 0.415122 0.215354 0.200004 0.169519
 0.522573 0.307455 0.153954 0.016018

MOTIF 2-TRCACTGARARAAAWDNN STREME-2
letter-probability matrix: alength= 4 w= 18 nsites= 108 E= 5.5e-002
 0.068955 0.039448 0.049238 0.842359
 0.440972 0.000288 0.558314 0.000426
 0.000426 0.998860 0.000288 0.000426
 0.998997 0.000288 0.000288 0.000426
 0.000426 0.989070 0.010078 0.000426
 0.137485 0.098188 0.127557 0.636770
 0.010216 0.098188 0.832431 0.059165
 0.656350 0.156927 0.137347 0.049375
 0.333283 0.029658 0.617053 0.020006
 0.901098 0.098188 0.000288 0.000426
 0.411602 0.000288 0.558314 0.029796
 0.979417 0.019868 0.000288 0.000426
 0.950048 0.000288 0.000288 0.049375
 0.930468 0.010078 0.019868 0.039586
 0.519291 0.117767 0.010078 0.352863
 0.362653 0.039448 0.245036 0.352863
 0.264754 0.186297 0.293986 0.254964
 0.264754 0.176507 0.303776 0.254964

MOTIF 3-ATATTTAAATTTATTTAWW STREME-3
letter-probability matrix: alength= 4 w= 19 nsites= 125 E= 1.4e-001
 0.886572 0.022753 0.060306 0.030369
 0.000327 0.000221 0.000221 0.999231
 0.841509 0.022753 0.030264 0.105475
 0.075432 0.022753 0.022753 0.879062
 0.112985 0.007732 0.097859 0.781425
 0.120496 0.090348 0.037774 0.751382
 0.616192 0.120390 0.067816 0.195601
 0.698808 0.030264 0.045285 0.225643
 0.841509 0.022753 0.022753 0.112985
 0.143027 0.030264 0.000221 0.826488
 0.128006 0.082837 0.090348 0.698808
 0.225643 0.112880 0.090348 0.571129
 0.653745 0.052795 0.015242 0.278217
 0.143027 0.030264 0.067816 0.758893
 0.278217 0.030264 0.060306 0.631213
 0.210622 0.052795 0.037774 0.698808
 0.578640 0.060306 0.090348 0.270707
 0.450960 0.052795 0.195496 0.300749
 0.308260 0.052795 0.075327 0.563618

MOTIF 4-GAGAGCGARAGAGAG STREME-4
letter-probability matrix: alength= 4 w= 15 nsites= 86 E= 2.2e-001
 0.084404 0.000275 0.849584 0.065737
 0.868381 0.046940 0.056273 0.028405
 0.215067 0.018941 0.746920 0.019072
 0.737718 0.130938 0.084273 0.047071
 0.261732 0.112272 0.625590 0.000406
 0.196400 0.466928 0.224269 0.112403
 0.075071 0.018941 0.905582 0.000406
 0.877714 0.037607 0.065606 0.019072
 0.485725 0.056273 0.401597 0.056404
 0.644388 0.028274 0.298933 0.028405
 0.084404 0.046940 0.812252 0.056404
 0.541724 0.130938 0.233602 0.093737
 0.261732 0.084273 0.616257 0.037738
 0.616388 0.214935 0.056273 0.112403
 0.009739 0.130938 0.718921 0.140402

MOTIF 5-GCACAGTGGDN STREME-5
letter-probability matrix: alength= 4 w= 11 nsites= 49 E= 1.7e+000
 0.000812 0.019221 0.960483 0.019484
 0.000812 0.784745 0.019221 0.195221
 0.960745 0.000550 0.037893 0.000812
 0.019484 0.960483 0.019221 0.000812
 0.979416 0.019221 0.000550 0.000812
 0.000812 0.037893 0.904469 0.056826
 0.019484 0.000550 0.000550 0.979416
 0.000812 0.000550 0.997825 0.000812
 0.131512 0.000550 0.829783 0.038155
 0.430253 0.019221 0.299291 0.251235
 0.206197 0.261949 0.288315 0.243539

MOTIF 6-CGTCGTCG STREME-6
letter-probability matrix: alength= 4 w= 8 nsites= 56 E= 3.5e+000
 0.057855 0.877862 0.019569 0.044713
 0.000827 0.000560 0.997786 0.000827
 0.076864 0.000560 0.000560 0.922015
 0.152902 0.788683 0.000560 0.057855
 0.057855 0.000560 0.940758 0.000827
 0.095874 0.228672 0.000560 0.674894
 0.000827 0.997786 0.000560 0.000827
 0.195585 0.038579 0.688971 0.076864

MOTIF 7-CACACGCACACACA STREME-7
letter-probability matrix: alength= 4 w= 14 nsites= 44 E= 6.6e+000
 0.048486 0.854874 0.000699 0.095941
 0.926388 0.000699 0.071880 0.001032
 0.072213 0.783693 0.000699 0.143395
 0.878934 0.000699 0.000699 0.119668
 0.095941 0.854874 0.000699 0.048486
 0.167122 0.119335 0.498968 0.214576
 0.001032 0.949782 0.048153 0.001032
 0.926388 0.048153 0.000699 0.024759
 0.072213 0.736239 0.095607 0.095941
 0.855207 0.048153 0.000699 0.095941
 0.024759 0.854874 0.000699 0.119668
 0.665390 0.024426 0.214243 0.095941
 0.001032 0.926055 0.000699 0.072213
 0.831480 0.000699 0.071880 0.095941

********************************************************************************
Stopped because 3 consecutive motifs exceeded the p-value threshold (0.05).
********************************************************************************
COMMAND:	streme --p data/chapter4/Sim_Tgo_joint_peaks_filt_repeatmasked.fa --oc data/chapter4/Sim_Tgo_joint_peaks_filt_repeatmasked_streme --dna --minw 6 --maxw 20 --thresh 0.05
********************************************************************************
CPU:		192.168.10.3
********************************************************************************
FINALTIME:	4.91 seconds
********************************************************************************
