EME version 5.5.9 (Fri Nov 21 15:33:51 2025 -0800)

ALPHABET= ACGT

strands: + -

Background letter frequencies (from file `./background'):
A 0.29880 C 0.20120 G 0.20120 T 0.29880 

MOTIF 1 WWWTAATWTAAWWTWWAYAT-MEME-1

letter-probability matrix: alength= 4 w= 20 nsites= 130 E= 4.4e-041
  0.569231	  0.000000	  0.000000	  0.430769	
  0.492308	  0.115385	  0.000000	  0.392308	
  0.407692	  0.000000	  0.000000	  0.592308	
  0.015385	  0.230769	  0.238462	  0.515385	
  0.692308	  0.115385	  0.000000	  0.192308	
  0.884615	  0.000000	  0.000000	  0.115385	
  0.261538	  0.046154	  0.092308	  0.600000	
  0.392308	  0.007692	  0.053846	  0.546154	
  0.176923	  0.000000	  0.069231	  0.753846	
  0.876923	  0.100000	  0.023077	  0.000000	
  0.776923	  0.015385	  0.007692	  0.200000	
  0.392308	  0.000000	  0.076923	  0.530769	
  0.492308	  0.030769	  0.076923	  0.400000	
  0.246154	  0.092308	  0.000000	  0.661538	
  0.607692	  0.000000	  0.076923	  0.315385	
  0.330769	  0.115385	  0.023077	  0.530769	
  0.676923	  0.053846	  0.161538	  0.107692	
  0.215385	  0.246154	  0.092308	  0.446154	
  0.769231	  0.000000	  0.015385	  0.215385	
  0.330769	  0.000000	  0.000000	  0.669231	

MOTIF 2 GNGGGAGMGAGMRVGASAGM-MEME-2

letter-probability matrix: alength= 4 w= 20 nsites= 18 E= 1.9e-008
  0.000000	  0.111111	  0.722222	  0.166667	
  0.277778	  0.222222	  0.166667	  0.333333	
  0.000000	  0.055556	  0.888889	  0.055556	
  0.166667	  0.111111	  0.611111	  0.111111	
  0.000000	  0.111111	  0.888889	  0.000000	
  0.833333	  0.055556	  0.055556	  0.055556	
  0.000000	  0.000000	  1.000000	  0.000000	
  0.388889	  0.333333	  0.166667	  0.111111	
  0.000000	  0.222222	  0.777778	  0.000000	
  0.722222	  0.000000	  0.000000	  0.277778	
  0.055556	  0.222222	  0.722222	  0.000000	
  0.333333	  0.444444	  0.166667	  0.055556	
  0.444444	  0.111111	  0.444444	  0.000000	
  0.333333	  0.333333	  0.277778	  0.055556	
  0.000000	  0.000000	  1.000000	  0.000000	
  0.777778	  0.055556	  0.111111	  0.055556	
  0.000000	  0.388889	  0.611111	  0.000000	
  0.777778	  0.000000	  0.111111	  0.111111	
  0.055556	  0.000000	  0.944444	  0.000000	
  0.333333	  0.444444	  0.166667	  0.055556	

MOTIF 3 TTTYTYHCAGTGTA-MEME-3

letter-probability matrix: alength= 4 w= 14 nsites= 23 E= 2.4e-004
  0.000000	  0.130435	  0.000000	  0.869565	
  0.000000	  0.000000	  0.130435	  0.869565	
  0.043478	  0.043478	  0.043478	  0.869565	
  0.086957	  0.347826	  0.000000	  0.565217	
  0.000000	  0.086957	  0.086957	  0.826087	
  0.000000	  0.608696	  0.000000	  0.391304	
  0.217391	  0.347826	  0.000000	  0.434783	
  0.043478	  0.913043	  0.043478	  0.000000	
  0.739130	  0.000000	  0.086957	  0.173913	
  0.000000	  0.000000	  1.000000	  0.000000	
  0.000000	  0.000000	  0.000000	  1.000000	
  0.043478	  0.000000	  0.956522	  0.000000	
  0.000000	  0.217391	  0.043478	  0.739130	
  0.869565	  0.000000	  0.000000	  0.130435