********************************************************************************
STREME - Sensitive, Thorough, Rapid, Enriched Motif Elicitation
********************************************************************************
MEME version 5.5.5 (Release date: Thu Sep 14 08:48:04 2023 +1000)

For further information on how to interpret these results please access https://meme-suite.org/meme.
To get a copy of the MEME Suite software please access https://meme-suite.org.

********************************************************************************


********************************************************************************
REFERENCE
********************************************************************************
If you use this program in your research, please cite:

Timothy L. Bailey,
"STREME: accurate and versatile sequence motif discovery",
Bioinformatics, Mar. 24, 2021.
********************************************************************************


ALPHABET= ACGT

strands: + -

Background letter frequencies
A 0.306 C 0.194 G 0.194 T 0.306 

MOTIF 1-GCACAGTGGGHCH STREME-1
letter-probability matrix: alength= 4 w= 13 nsites= 68 E= 1.4e-001
 0.000740 0.000470 0.998051 0.000740
 0.000740 0.747223 0.000470 0.251568
 0.964876 0.000470 0.033914 0.000740
 0.000740 0.998051 0.000470 0.000740
 0.931433 0.050636 0.017192 0.000740
 0.000740 0.000470 0.998051 0.000740
 0.000740 0.000470 0.000470 0.998320
 0.000740 0.033914 0.964607 0.000740
 0.000740 0.000470 0.998051 0.000740
 0.074555 0.000470 0.659551 0.265424
 0.275218 0.415651 0.050636 0.258496
 0.208330 0.458889 0.191339 0.141443
 0.365755 0.258226 0.141173 0.234846

MOTIF 2-AAAAATATAWWWWWAWWTT STREME-2
letter-probability matrix: alength= 4 w= 19 nsites= 168 E= 1.8e-001
 0.710063 0.016534 0.038375 0.235029
 0.966691 0.032914 0.000153 0.000242
 0.682762 0.000153 0.098436 0.218648
 0.966691 0.016534 0.000153 0.016622
 0.955770 0.000153 0.000153 0.043923
 0.000242 0.000153 0.000153 0.999452
 0.933930 0.065675 0.000153 0.000242
 0.202268 0.114817 0.021994 0.660921
 0.600860 0.021994 0.131197 0.245949
 0.398833 0.043835 0.011074 0.546258
 0.497116 0.120277 0.032914 0.349692
 0.338772 0.054755 0.021994 0.584479
 0.502577 0.109357 0.125737 0.262329
 0.382453 0.065675 0.000153 0.551718
 0.589939 0.098436 0.027454 0.284170
 0.475276 0.049295 0.027454 0.447975
 0.338772 0.032914 0.142118 0.486196
 0.256869 0.005614 0.000153 0.737364
 0.185887 0.120277 0.021994 0.671842

MOTIF 3-STRCACTGAGARAAAWDNNN STREME-3
letter-probability matrix: alength= 4 w= 20 nsites= 148 E= 3.8e-001
 0.156877 0.238758 0.469852 0.134513
 0.067421 0.052392 0.000210 0.879977
 0.589246 0.000210 0.402760 0.007784
 0.000330 0.999131 0.000210 0.000330
 0.999251 0.000210 0.000210 0.000330
 0.000330 0.991676 0.000210 0.007784
 0.134513 0.059847 0.104574 0.701066
 0.022694 0.097120 0.842584 0.037603
 0.686156 0.141848 0.112029 0.059967
 0.298515 0.044937 0.641308 0.015239
 0.917250 0.044937 0.037483 0.000330
 0.365607 0.007664 0.618944 0.007784
 0.924705 0.037483 0.022573 0.015239
 0.991797 0.000210 0.000210 0.007784
 0.976887 0.007664 0.015119 0.000330
 0.298515 0.171666 0.037483 0.492336
 0.328334 0.104574 0.283486 0.283606
 0.291061 0.238758 0.253667 0.216514
 0.223969 0.238758 0.305850 0.231423
 0.276151 0.246213 0.238758 0.238878

MOTIF 4-CAGGGGCGTAGGCM STREME-4
letter-probability matrix: alength= 4 w= 14 nsites= 38 E= 1.7e+000
 0.001759 0.995364 0.001118 0.001759
 0.996005 0.001118 0.001118 0.001759
 0.041529 0.001118 0.876054 0.081299
 0.041529 0.001118 0.796515 0.160838
 0.081299 0.001118 0.915824 0.001759
 0.041529 0.001118 0.915824 0.041529
 0.041529 0.915824 0.040888 0.001759
 0.001759 0.001118 0.955594 0.041529
 0.081299 0.080658 0.001118 0.836926
 0.876695 0.001118 0.120428 0.001759
 0.160838 0.001118 0.796515 0.041529
 0.081299 0.160197 0.518126 0.240378
 0.200608 0.557896 0.080658 0.160838
 0.478997 0.398816 0.080658 0.041529

MOTIF 5-AGTGYTGSAAAACGYNNNV STREME-5
letter-probability matrix: alength= 4 w= 19 nsites= 49 E= 2.5e+000
 0.897083 0.000567 0.081279 0.021070
 0.000892 0.000567 0.997648 0.000892
 0.021070 0.000567 0.020745 0.957617
 0.000892 0.000567 0.997648 0.000892
 0.000892 0.404127 0.000567 0.594414
 0.000892 0.000567 0.000567 0.997973
 0.000892 0.000567 0.997648 0.000892
 0.142138 0.432665 0.383949 0.041248
 0.464986 0.190529 0.161991 0.182494
 0.808011 0.081279 0.000567 0.110142
 0.977795 0.020745 0.000567 0.000892
 0.735659 0.061101 0.202347 0.000892
 0.041248 0.775690 0.061101 0.121960
 0.061426 0.008927 0.908576 0.021070
 0.222850 0.513377 0.000567 0.263206
 0.222850 0.343593 0.202347 0.231210
 0.202672 0.251063 0.242703 0.303562
 0.202672 0.202347 0.392309 0.202672
 0.263206 0.262881 0.323415 0.150498

********************************************************************************
Stopped because 3 consecutive motifs exceeded the p-value threshold (0.05).
********************************************************************************
COMMAND:	streme --p data/chapter3/Trh_Tgo_joint_peaks_filt_repeatmasked.fa --oc data/motif2_concat_audit/streme_order_sweep/Trh_order4 --dna --minw 6 --maxw 20 --thresh 0.05 --order 4 --verbosity 1
********************************************************************************
CPU:		192.168.10.3
********************************************************************************
FINALTIME:	7.97 seconds
********************************************************************************
