********************************************************************************
STREME - Sensitive, Thorough, Rapid, Enriched Motif Elicitation
********************************************************************************
MEME version 5.5.5 (Release date: Thu Sep 14 08:48:04 2023 +1000)

For further information on how to interpret these results please access https://meme-suite.org/meme.
To get a copy of the MEME Suite software please access https://meme-suite.org.

********************************************************************************


********************************************************************************
REFERENCE
********************************************************************************
If you use this program in your research, please cite:

Timothy L. Bailey,
"STREME: accurate and versatile sequence motif discovery",
Bioinformatics, Mar. 24, 2021.
********************************************************************************


ALPHABET= ACGT

strands: + -

Background letter frequencies
A 0.297 C 0.203 G 0.203 T 0.297 

MOTIF 1-AGCAGCRGMAAMRVVARMV STREME-1
letter-probability matrix: alength= 4 w= 19 nsites= 118 E= 2.0e-002
 0.693014 0.000213 0.277294 0.029479
 0.219060 0.000213 0.780414 0.000313
 0.240935 0.758539 0.000213 0.000313
 0.627390 0.043963 0.262711 0.065937
 0.073229 0.007505 0.918954 0.000313
 0.255518 0.692915 0.051254 0.000313
 0.291976 0.022088 0.510625 0.175311
 0.204477 0.182503 0.598124 0.014896
 0.394059 0.445000 0.160628 0.000313
 0.649264 0.109587 0.189795 0.051354
 0.561765 0.189795 0.240836 0.007604
 0.481558 0.372085 0.043963 0.102395
 0.415933 0.043963 0.532500 0.007604
 0.328434 0.204378 0.372085 0.095103
 0.313851 0.372085 0.233544 0.080520
 0.656556 0.073129 0.226253 0.044062
 0.532599 0.022088 0.430417 0.014896
 0.437808 0.350210 0.095004 0.116978
 0.335726 0.226253 0.357501 0.080520

MOTIF 2-ACAGCTGTTTGCGV STREME-2
letter-probability matrix: alength= 4 w= 14 nsites= 104 E= 3.7e-002
 0.673323 0.108843 0.130548 0.087286
 0.054728 0.933637 0.011170 0.000465
 0.901227 0.054580 0.011170 0.033023
 0.054728 0.076285 0.803406 0.065581
 0.000465 0.879374 0.011170 0.108991
 0.087286 0.032875 0.032875 0.846964
 0.000465 0.011170 0.987899 0.000465
 0.228369 0.217368 0.000318 0.553945
 0.022170 0.087138 0.217368 0.673323
 0.054728 0.119696 0.249926 0.575650
 0.033023 0.076285 0.738291 0.152401
 0.130696 0.532092 0.141401 0.195811
 0.098138 0.163106 0.564650 0.174106
 0.369452 0.228221 0.249926 0.152401

MOTIF 3-TTTAAAAATT STREME-3
letter-probability matrix: alength= 4 w= 10 nsites= 56 E= 7.3e-002
 0.070381 0.000677 0.023807 0.905136
 0.000992 0.000677 0.046936 0.951395
 0.013930 0.070066 0.005133 0.910872
 0.907992 0.070066 0.000677 0.021265
 0.877206 0.070066 0.028606 0.024122
 0.988055 0.000677 0.000677 0.010591
 0.891171 0.014642 0.023807 0.070381
 0.958841 0.039490 0.000677 0.000992
 0.047251 0.046936 0.046936 0.858876
 0.162901 0.000677 0.056536 0.779887

MOTIF 4-RCACTGARARAAAWWR STREME-4
letter-probability matrix: alength= 4 w= 16 nsites= 87 E= 2.0e-001
 0.448958 0.000423 0.549999 0.000620
 0.000620 0.998337 0.000423 0.000620
 0.998534 0.000423 0.000423 0.000620
 0.000620 0.998337 0.000423 0.000620
 0.203095 0.072736 0.043811 0.680358
 0.015083 0.072736 0.824786 0.087395
 0.796058 0.116123 0.087198 0.000620
 0.434496 0.029348 0.535536 0.000620
 0.955146 0.043811 0.000423 0.000620
 0.405571 0.029348 0.549999 0.015083
 0.969609 0.014886 0.014886 0.000620
 0.998534 0.000423 0.000423 0.000620
 0.926221 0.043811 0.000423 0.029545
 0.420033 0.130586 0.087198 0.362183
 0.463421 0.072736 0.217361 0.246483
 0.477883 0.159511 0.260748 0.101858

MOTIF 5-RCACACACACAH STREME-5
letter-probability matrix: alength= 4 w= 12 nsites= 89 E= 3.5e-001
 0.313225 0.072516 0.553607 0.060652
 0.012543 0.950508 0.000352 0.036598
 0.890535 0.048461 0.000352 0.060652
 0.060652 0.758071 0.048461 0.132816
 0.674044 0.000352 0.216843 0.108761
 0.048625 0.842262 0.048461 0.060652
 0.674044 0.060488 0.192788 0.072679
 0.048625 0.890371 0.000352 0.060652
 0.998781 0.000352 0.000352 0.000516
 0.084707 0.854289 0.000352 0.060652
 0.818371 0.024406 0.000352 0.156870
 0.204980 0.313061 0.120625 0.361334

MOTIF 6-CGCCACH STREME-6
letter-probability matrix: alength= 4 w= 7 nsites= 81 E= 3.6e-001
 0.001158 0.996894 0.000790 0.001158
 0.001158 0.000790 0.996894 0.001158
 0.001158 0.996894 0.000790 0.001158
 0.001158 0.996894 0.000790 0.001158
 0.557812 0.141510 0.260064 0.040614
 0.001158 0.996894 0.000790 0.001158
 0.300032 0.257514 0.000790 0.441663

MOTIF 7-AGAGAGMGARAG STREME-7
letter-probability matrix: alength= 4 w= 12 nsites= 42 E= 5.1e-001
 0.623822 0.075459 0.200010 0.100709
 0.001068 0.000729 0.997135 0.001068
 0.922744 0.000729 0.000729 0.075799
 0.050888 0.000729 0.947315 0.001068
 0.897834 0.100369 0.000729 0.001068
 0.150529 0.025639 0.822764 0.001068
 0.275080 0.548752 0.050549 0.125619
 0.075799 0.000729 0.922405 0.001068
 0.897834 0.000729 0.100369 0.001068
 0.399631 0.000729 0.598573 0.001068
 0.848013 0.075459 0.025639 0.050888
 0.125619 0.000729 0.872584 0.001068

MOTIF 8-AAATGTAAATRHANWT STREME-8
letter-probability matrix: alength= 4 w= 16 nsites= 67 E= 5.1e-001
 0.916568 0.065898 0.016833 0.000701
 0.965632 0.000479 0.016833 0.017056
 0.998342 0.000479 0.000479 0.000701
 0.000701 0.229445 0.033188 0.736666
 0.295087 0.000479 0.703733 0.000701
 0.311442 0.000479 0.049543 0.638537
 0.867504 0.131317 0.000479 0.000701
 0.753020 0.000479 0.180381 0.066120
 0.573118 0.147671 0.245800 0.033411
 0.033411 0.278509 0.065898 0.622182
 0.360506 0.016833 0.540186 0.082475
 0.393216 0.245800 0.000479 0.360506
 0.703956 0.082252 0.000479 0.213313
 0.311442 0.229445 0.262155 0.196958
 0.507699 0.000479 0.033188 0.458635
 0.082475 0.147671 0.098607 0.671246

MOTIF 9-GCACAGTGGKMVMHVNN STREME-9
letter-probability matrix: alength= 4 w= 17 nsites= 84 E= 6.1e-001
 0.000556 0.000379 0.907770 0.091295
 0.000556 0.752217 0.000379 0.246848
 0.687580 0.000379 0.233708 0.078332
 0.104258 0.855919 0.039267 0.000556
 0.946835 0.052230 0.000379 0.000556
 0.000556 0.078156 0.920733 0.000556
 0.000556 0.000379 0.000379 0.998686
 0.000556 0.065193 0.933696 0.000556
 0.091295 0.117044 0.674441 0.117220
 0.194997 0.078156 0.428149 0.298698
 0.259810 0.518888 0.142969 0.078332
 0.376475 0.324447 0.259634 0.039444
 0.311661 0.467037 0.091118 0.130183
 0.246848 0.207783 0.130007 0.415363
 0.324624 0.207783 0.337410 0.130183
 0.246848 0.298522 0.246671 0.207959
 0.272773 0.285559 0.155932 0.285736

MOTIF 10-AAAAAAATTAWAATTT STREME-10
letter-probability matrix: alength= 4 w= 16 nsites= 166 E= 6.4e-001
 0.872083 0.000186 0.070186 0.057545
 0.916628 0.057458 0.012913 0.013000
 0.903901 0.038368 0.006550 0.051181
 0.872083 0.032004 0.038368 0.057545
 0.852992 0.019277 0.032004 0.095727
 0.878447 0.051095 0.006550 0.063909
 0.751175 0.089276 0.082913 0.076636
 0.178453 0.063822 0.057458 0.700267
 0.261180 0.057458 0.032004 0.649358
 0.604813 0.057458 0.165639 0.172089
 0.254816 0.216548 0.044731 0.483905
 0.700267 0.038368 0.127458 0.133908
 0.630267 0.025641 0.044731 0.299361
 0.210271 0.044731 0.025641 0.719357
 0.235725 0.076549 0.140185 0.547541
 0.273907 0.044731 0.089276 0.592086

MOTIF 11-CAAAACAAACAWAAAHA STREME-11
letter-probability matrix: alength= 4 w= 17 nsites= 50 E= 3.6e+000
 0.192598 0.690953 0.058094 0.058355
 0.959700 0.000561 0.038916 0.000822
 0.978878 0.019739 0.000561 0.000822
 0.921345 0.019739 0.038916 0.020000
 0.825457 0.000561 0.173159 0.000822
 0.000822 0.710131 0.000561 0.288486
 0.863813 0.096449 0.038916 0.000822
 0.748747 0.096449 0.000561 0.154243
 0.767925 0.038916 0.173159 0.020000
 0.269308 0.595066 0.077271 0.058355
 0.748747 0.058094 0.153982 0.039177
 0.384374 0.153982 0.153982 0.307663
 0.825457 0.000561 0.173159 0.000822
 0.806280 0.038916 0.000561 0.154243
 0.595327 0.096449 0.173159 0.135065
 0.307663 0.364935 0.096449 0.230953
 0.633682 0.173159 0.058094 0.135065

MOTIF 12-AAATACCAAAC STREME-12
letter-probability matrix: alength= 4 w= 11 nsites= 84 E= 7.2e+000
 0.874609 0.012776 0.012776 0.099838
 0.899436 0.050016 0.025190 0.025359
 0.899436 0.037603 0.000363 0.062598
 0.092577 0.074842 0.037603 0.794978
 0.824956 0.012776 0.074842 0.087425
 0.037772 0.886853 0.025190 0.050185
 0.149491 0.670677 0.112082 0.067750
 0.899436 0.050016 0.025190 0.025359
 0.862196 0.037603 0.050016 0.050185
 0.849783 0.074842 0.037603 0.037772
 0.186730 0.651002 0.062429 0.099838

MOTIF 13-WGCAGCCAG STREME-13
letter-probability matrix: alength= 4 w= 9 nsites= 60 E= 1.2e+001
 0.386059 0.089662 0.111550 0.412729
 0.000865 0.000590 0.997680 0.000865
 0.000865 0.997680 0.000590 0.000865
 0.787836 0.121637 0.040939 0.049587
 0.061389 0.000590 0.937156 0.000865
 0.131999 0.817823 0.049313 0.000865
 0.000865 0.896807 0.101463 0.000865
 0.957605 0.000590 0.020765 0.021040
 0.222785 0.040939 0.701557 0.034719

********************************************************************************
Stopped because 3 consecutive motifs exceeded the p-value threshold (0.05).
********************************************************************************
COMMAND:	streme --p data/chapter4/Sima_Tgo_joint_peaks_filt_repeatmasked.fa --oc data/motif2_concat_audit/streme_order_sweep/Sima_order0 --dna --minw 6 --maxw 20 --thresh 0.05 --order 0 --verbosity 1
********************************************************************************
CPU:		192.168.10.3
********************************************************************************
FINALTIME:	8.40 seconds
********************************************************************************
