********************************************************************************
STREME - Sensitive, Thorough, Rapid, Enriched Motif Elicitation
********************************************************************************
MEME version 5.5.5 (Release date: Thu Sep 14 08:48:04 2023 +1000)

For further information on how to interpret these results please access https://meme-suite.org/meme.
To get a copy of the MEME Suite software please access https://meme-suite.org.

********************************************************************************


********************************************************************************
REFERENCE
********************************************************************************
If you use this program in your research, please cite:

Timothy L. Bailey,
"STREME: accurate and versatile sequence motif discovery",
Bioinformatics, Mar. 24, 2021.
********************************************************************************


ALPHABET= ACGT

strands: + -

Background letter frequencies
A 0.303 C 0.197 G 0.197 T 0.303 

MOTIF 1-STRCACTGARARAAAWWDN STREME-1
letter-probability matrix: alength= 4 w= 19 nsites= 272 E= 2.4e-008
 0.200059 0.291945 0.415874 0.092122
 0.088124 0.028098 0.024100 0.859678
 0.503884 0.000114 0.495828 0.000175
 0.004172 0.995539 0.000114 0.000175
 0.999598 0.000114 0.000114 0.000175
 0.000175 0.955562 0.044088 0.000175
 0.216050 0.068075 0.040091 0.675785
 0.024161 0.064077 0.851622 0.060140
 0.611822 0.156024 0.164019 0.068136
 0.443918 0.044088 0.499825 0.012168
 0.855681 0.084065 0.060079 0.000175
 0.527870 0.020102 0.439860 0.012168
 0.895658 0.076070 0.020102 0.008170
 0.967616 0.016105 0.004112 0.012168
 0.943630 0.008109 0.020102 0.028159
 0.507882 0.124042 0.036093 0.331983
 0.427928 0.052084 0.184008 0.335981
 0.395946 0.164019 0.235978 0.204057
 0.292006 0.184008 0.223985 0.300002

MOTIF 2-AAAWAAWAAAYAAATWWWW STREME-2
letter-probability matrix: alength= 4 w= 19 nsites= 403 E= 3.2e-004
 0.865834 0.000068 0.000068 0.134030
 0.994976 0.004851 0.000068 0.000105
 0.877792 0.000068 0.026375 0.095765
 0.612333 0.057465 0.002460 0.327743
 0.700819 0.052682 0.000068 0.246431
 0.707994 0.000068 0.002460 0.289478
 0.621899 0.007243 0.059856 0.311002
 0.810829 0.000068 0.014417 0.174685
 0.650598 0.016809 0.021592 0.311002
 0.607550 0.002460 0.112469 0.277521
 0.047935 0.327706 0.045507 0.578852
 0.743867 0.009634 0.136385 0.110114
 0.712777 0.014417 0.007243 0.265563
 0.801263 0.021592 0.002460 0.174685
 0.248822 0.095729 0.031158 0.624291
 0.473625 0.078988 0.035941 0.411446
 0.476017 0.083771 0.095729 0.344483
 0.449710 0.040724 0.050290 0.459276
 0.389922 0.035941 0.040724 0.533413

MOTIF 3-YCGCTCTCYCTCYYKCYC STREME-3
letter-probability matrix: alength= 4 w= 18 nsites= 170 E= 2.0e-003
 0.046457 0.566166 0.081022 0.306355
 0.058008 0.733656 0.005940 0.202396
 0.000253 0.161879 0.583493 0.254376
 0.000253 0.820289 0.075246 0.104212
 0.040681 0.173430 0.005940 0.779949
 0.011804 0.924249 0.063695 0.000253
 0.063783 0.248512 0.005940 0.681765
 0.006028 0.906922 0.011716 0.075334
 0.046457 0.277390 0.121451 0.554703
 0.046457 0.664350 0.057920 0.231274
 0.086885 0.109899 0.225410 0.577805
 0.000253 0.716330 0.023267 0.260151
 0.058008 0.300492 0.156104 0.485397
 0.075334 0.491084 0.121451 0.312131
 0.133090 0.196532 0.225410 0.444968
 0.092661 0.595044 0.156104 0.156192
 0.029130 0.335145 0.190757 0.444968
 0.006028 0.618146 0.156104 0.219723

MOTIF 4-GCACAGTGGGVMMD STREME-4
letter-probability matrix: alength= 4 w= 14 nsites= 211 E= 4.6e-003
 0.063583 0.029387 0.897068 0.009962
 0.019712 0.697209 0.048885 0.234195
 0.833772 0.014763 0.151252 0.000213
 0.044085 0.911692 0.044010 0.000213
 0.960512 0.009888 0.014763 0.014837
 0.000213 0.000139 0.994560 0.005088
 0.039210 0.000139 0.063509 0.897142
 0.000213 0.034261 0.965313 0.000213
 0.126953 0.044010 0.711833 0.117204
 0.185449 0.146377 0.458353 0.209822
 0.239069 0.316989 0.390108 0.053834
 0.282941 0.448603 0.112255 0.156201
 0.312189 0.399857 0.190249 0.097705
 0.356060 0.097631 0.273117 0.273192

MOTIF 5-GCTGCCAGCK STREME-5
letter-probability matrix: alength= 4 w= 10 nsites= 318 E= 5.1e-003
 0.001525 0.020995 0.962653 0.014827
 0.010122 0.782840 0.003420 0.203618
 0.080770 0.189890 0.074708 0.654632
 0.000145 0.033349 0.959709 0.006796
 0.040050 0.959710 0.000095 0.000145
 0.003471 0.986313 0.000095 0.010122
 0.564403 0.121805 0.215519 0.098273
 0.241796 0.132374 0.586346 0.039485
 0.257133 0.600610 0.006746 0.135512
 0.108578 0.130601 0.359894 0.400926

MOTIF 6-RCACACACACACRCACAC STREME-6
letter-probability matrix: alength= 4 w= 18 nsites= 149 E= 8.3e-003
 0.366342 0.114595 0.465353 0.053710
 0.000333 0.991491 0.007842 0.000333
 0.610348 0.137470 0.167971 0.084210
 0.091836 0.877113 0.030718 0.000333
 0.564597 0.053593 0.137470 0.244339
 0.084210 0.838987 0.007842 0.068960
 0.640849 0.053593 0.175596 0.129962
 0.091836 0.899989 0.007842 0.000333
 0.656099 0.045968 0.061219 0.236714
 0.023209 0.960990 0.015468 0.000333
 0.648474 0.030718 0.099345 0.221464
 0.160462 0.587356 0.106970 0.145212
 0.427344 0.122220 0.396727 0.053710
 0.046085 0.785611 0.038343 0.129962
 0.602723 0.076469 0.137470 0.183338
 0.175713 0.732235 0.000217 0.091836
 0.724726 0.061219 0.122220 0.091836
 0.099461 0.716984 0.145096 0.038459

MOTIF 7-AACAACAACAACAAA STREME-7
letter-probability matrix: alength= 4 w= 15 nsites= 233 E= 3.3e-002
 0.662338 0.205756 0.127613 0.004293
 0.625323 0.049471 0.308576 0.016631
 0.275736 0.686952 0.008343 0.028969
 0.942007 0.000117 0.053583 0.004293
 0.732255 0.000117 0.238658 0.028969
 0.135902 0.744531 0.033019 0.086548
 0.983135 0.012455 0.000117 0.004293
 0.793947 0.024794 0.176967 0.004293
 0.283962 0.604696 0.016568 0.094774
 0.736368 0.172854 0.024794 0.065984
 0.724030 0.057696 0.189305 0.028969
 0.193481 0.699290 0.033019 0.074210
 0.851526 0.098824 0.033019 0.016631
 0.789834 0.078260 0.057696 0.074210
 0.608872 0.139952 0.131726 0.119451

MOTIF 8-DCAGCTGH STREME-8
letter-probability matrix: alength= 4 w= 8 nsites= 226 E= 4.0e-002
 0.375475 0.000281 0.399202 0.225043
 0.000431 0.998857 0.000281 0.000431
 0.908631 0.000281 0.033975 0.057113
 0.000431 0.000281 0.998857 0.000431
 0.000431 0.998857 0.000281 0.000431
 0.057113 0.033975 0.000281 0.908631
 0.000431 0.000281 0.998857 0.000431
 0.225043 0.399202 0.000281 0.375475

MOTIF 9-GCGSCGC STREME-9
letter-probability matrix: alength= 4 w= 7 nsites= 264 E= 1.1e-001
 0.001509 0.000983 0.995998 0.001509
 0.001509 0.995998 0.000983 0.001509
 0.104753 0.039443 0.611573 0.244230
 0.001509 0.498491 0.498491 0.001509
 0.244230 0.611573 0.039443 0.104753
 0.001509 0.000983 0.995998 0.001509
 0.001509 0.995998 0.000983 0.001509

MOTIF 10-CGCCGCAG STREME-10
letter-probability matrix: alength= 4 w= 8 nsites= 126 E= 1.3e-001
 0.084222 0.660192 0.055534 0.200051
 0.000488 0.067262 0.931762 0.000488
 0.000488 0.898987 0.100037 0.000488
 0.020696 0.910240 0.015019 0.054045
 0.000488 0.000318 0.998706 0.000488
 0.059908 0.869975 0.069628 0.000488
 0.701217 0.000318 0.013204 0.285262
 0.048640 0.200295 0.729205 0.021860

MOTIF 11-AAAWGWTTTWAAAWWWWWTW STREME-11
letter-probability matrix: alength= 4 w= 20 nsites= 205 E= 2.2e-001
 0.875211 0.000142 0.000142 0.124506
 0.999499 0.000142 0.000142 0.000217
 0.765837 0.000142 0.015056 0.218966
 0.547088 0.000142 0.064772 0.387998
 0.000217 0.174146 0.576842 0.248795
 0.308454 0.149288 0.020028 0.522230
 0.238852 0.010085 0.149288 0.601775
 0.318397 0.000142 0.000142 0.681320
 0.283596 0.010085 0.044886 0.661434
 0.507316 0.034942 0.134373 0.323368
 0.850353 0.104544 0.010085 0.035018
 0.890125 0.000142 0.000142 0.109592
 0.785723 0.000142 0.005113 0.209023
 0.288567 0.005113 0.203975 0.502344
 0.323368 0.129402 0.024999 0.522230
 0.571946 0.010085 0.099573 0.318397
 0.383027 0.039914 0.109516 0.467543
 0.387998 0.010085 0.139345 0.462572
 0.288567 0.005113 0.010085 0.696235
 0.462572 0.000142 0.114487 0.422799

MOTIF 12-AAAACAAAATG STREME-12
letter-probability matrix: alength= 4 w= 11 nsites= 222 E= 3.9e-001
 0.921630 0.016795 0.011194 0.050380
 0.994263 0.005361 0.000148 0.000228
 0.999475 0.000148 0.000148 0.000228
 0.829179 0.098331 0.000148 0.072341
 0.000228 0.927285 0.072259 0.000228
 0.861737 0.117028 0.000148 0.021086
 0.952545 0.041864 0.005363 0.000228
 0.924310 0.000148 0.015792 0.059749
 0.513163 0.171328 0.125292 0.190216
 0.187162 0.120627 0.204122 0.488089
 0.235034 0.034039 0.584289 0.146638

MOTIF 13-GAAAAC STREME-13
letter-probability matrix: alength= 4 w= 6 nsites= 276 E= 4.0e-001
 0.027527 0.017927 0.927018 0.027527
 0.936618 0.017927 0.017927 0.027527
 0.936618 0.017927 0.017927 0.027527
 0.936618 0.017927 0.017927 0.027527
 0.936618 0.017927 0.017927 0.027527
 0.027527 0.927018 0.017927 0.027527

MOTIF 14-YAGTGTGACCRTW STREME-14
letter-probability matrix: alength= 4 w= 13 nsites= 63 E= 4.0e-001
 0.107646 0.570466 0.018318 0.303569
 0.873528 0.018318 0.107374 0.000779
 0.000779 0.000507 0.980124 0.018590
 0.036401 0.000507 0.018318 0.944773
 0.036401 0.018318 0.944502 0.000779
 0.000779 0.018318 0.018318 0.962584
 0.000779 0.000507 0.997935 0.000779
 0.837906 0.000507 0.160808 0.000779
 0.089835 0.908879 0.000507 0.000779
 0.000779 0.997935 0.000507 0.000779
 0.428248 0.000507 0.552655 0.018590
 0.072024 0.196431 0.232053 0.499493
 0.392626 0.125186 0.178619 0.303569

MOTIF 15-AAAATGT STREME-15
letter-probability matrix: alength= 4 w= 7 nsites= 187 E= 6.5e-001
 0.936618 0.017927 0.017927 0.027527
 0.936618 0.017927 0.017927 0.027527
 0.936618 0.017927 0.017927 0.027527
 0.936618 0.017927 0.017927 0.027527
 0.027527 0.017927 0.017927 0.936618
 0.027527 0.017927 0.927018 0.027527
 0.027527 0.017927 0.017927 0.936618

MOTIF 16-AAAAAAAA STREME-16
letter-probability matrix: alength= 4 w= 8 nsites= 384 E= 7.0e-001
 0.890601 0.006474 0.096304 0.006620
 0.958483 0.000729 0.021538 0.019250
 0.905782 0.065611 0.019346 0.009260
 0.699983 0.100937 0.012524 0.186556
 0.833779 0.007650 0.077109 0.081462
 0.926384 0.015430 0.016590 0.041596
 0.938960 0.026620 0.002754 0.031666
 0.997953 0.000327 0.000327 0.001394

MOTIF 17-AAATGCAAA STREME-17
letter-probability matrix: alength= 4 w= 9 nsites= 261 E= 7.3e-001
 0.981392 0.017757 0.000336 0.000515
 0.964013 0.000336 0.000336 0.035316
 0.866969 0.026954 0.029251 0.076825
 0.000515 0.049175 0.039875 0.910434
 0.000515 0.000336 0.895682 0.103467
 0.087373 0.804929 0.107183 0.000515
 0.871991 0.058471 0.069022 0.000515
 0.947241 0.022253 0.029990 0.000515
 0.923446 0.020831 0.055208 0.000515

MOTIF 18-CCGCCA STREME-18
letter-probability matrix: alength= 4 w= 6 nsites= 102 E= 7.6e-001
 0.027527 0.927018 0.017927 0.027527
 0.027527 0.927018 0.017927 0.027527
 0.027527 0.017927 0.927018 0.027527
 0.027527 0.927018 0.017927 0.027527
 0.027527 0.927018 0.017927 0.027527
 0.936618 0.017927 0.017927 0.027527

MOTIF 19-RCTATCGATADC STREME-19
letter-probability matrix: alength= 4 w= 12 nsites= 83 E= 8.0e-001
 0.324709 0.041469 0.633372 0.000450
 0.180593 0.684842 0.000293 0.134272
 0.247506 0.134115 0.031175 0.587204
 0.926906 0.000293 0.000293 0.072508
 0.041626 0.020881 0.031175 0.906318
 0.000450 0.998807 0.000293 0.000450
 0.041626 0.000293 0.957631 0.000450
 0.998964 0.000293 0.000293 0.000450
 0.093096 0.031175 0.072351 0.803378
 0.885730 0.000293 0.031175 0.082802
 0.324709 0.134115 0.350289 0.190887
 0.134272 0.581902 0.175291 0.108535

MOTIF 20-GCGGCAAAC STREME-20
letter-probability matrix: alength= 4 w= 9 nsites= 50 E= 8.2e-001
 0.020181 0.010998 0.935527 0.033294
 0.062585 0.858642 0.077927 0.000846
 0.058878 0.019886 0.913947 0.007289
 0.039534 0.000551 0.955347 0.004568
 0.050237 0.929037 0.019879 0.000846
 0.823081 0.019895 0.097262 0.059762
 0.675941 0.028794 0.217043 0.078222
 0.607472 0.139667 0.077927 0.174934
 0.020181 0.951070 0.019879 0.008870

MOTIF 21-TATTTTTGAAAATNATW STREME-21
letter-probability matrix: alength= 4 w= 17 nsites= 71 E= 9.0e-001
 0.059941 0.012223 0.095413 0.832423
 0.975035 0.000338 0.012223 0.012404
 0.071826 0.035991 0.000338 0.891845
 0.024288 0.000338 0.012223 0.963151
 0.000520 0.000338 0.000338 0.998804
 0.107479 0.012223 0.059760 0.820539
 0.059941 0.107297 0.047876 0.784886
 0.226322 0.012223 0.558902 0.202553
 0.784886 0.071644 0.047876 0.095594
 0.820539 0.059760 0.059760 0.059941
 0.630389 0.131066 0.071644 0.166900
 0.618505 0.095413 0.131066 0.155016
 0.214438 0.083529 0.071644 0.630389
 0.261975 0.297447 0.178603 0.261975
 0.725464 0.166719 0.047876 0.059941
 0.131247 0.059760 0.119182 0.689811
 0.487777 0.107297 0.142950 0.261975

MOTIF 22-GGCGCCAAAAA STREME-22
letter-probability matrix: alength= 4 w= 11 nsites= 131 E= 1.1e+000
 0.115443 0.129106 0.628382 0.127069
 0.082562 0.209150 0.683268 0.025020
 0.099002 0.727779 0.082436 0.090782
 0.066118 0.094067 0.839456 0.000359
 0.025020 0.954536 0.011864 0.008580
 0.096351 0.903056 0.000234 0.000359
 0.810107 0.000234 0.148198 0.041461
 0.933410 0.065996 0.000234 0.000359
 0.867649 0.065996 0.065996 0.000359
 0.826547 0.024895 0.115317 0.033240
 0.818327 0.024895 0.107097 0.049681

MOTIF 23-TGGCCA STREME-23
letter-probability matrix: alength= 4 w= 6 nsites= 92 E= 1.1e+000
 0.027527 0.017927 0.017927 0.936618
 0.027527 0.017927 0.927018 0.027527
 0.027527 0.017927 0.927018 0.027527
 0.027527 0.927018 0.017927 0.027527
 0.027527 0.927018 0.017927 0.027527
 0.936618 0.017927 0.017927 0.027527

MOTIF 24-AAATTGAAA STREME-24
letter-probability matrix: alength= 4 w= 9 nsites= 157 E= 1.2e+000
 0.997964 0.000576 0.000576 0.000884
 0.885031 0.000576 0.000576 0.113817
 0.876344 0.122195 0.000576 0.000884
 0.000884 0.123947 0.000576 0.874593
 0.000884 0.150217 0.000576 0.848323
 0.137449 0.000576 0.861091 0.000884
 0.997964 0.000576 0.000576 0.000884
 0.997964 0.000576 0.000576 0.000884
 0.840019 0.064081 0.000576 0.095324

MOTIF 25-GCCAAA STREME-25
letter-probability matrix: alength= 4 w= 6 nsites= 193 E= 1.3e+000
 0.027527 0.017927 0.927018 0.027527
 0.027527 0.927018 0.017927 0.027527
 0.027527 0.927018 0.017927 0.027527
 0.936618 0.017927 0.017927 0.027527
 0.936618 0.017927 0.017927 0.027527
 0.936618 0.017927 0.017927 0.027527

MOTIF 26-ACATACATATGTATVTAWWT STREME-26
letter-probability matrix: alength= 4 w= 20 nsites= 93 E= 2.4e+000
 0.905964 0.023547 0.046764 0.023724
 0.163025 0.592360 0.058373 0.186242
 0.755055 0.104806 0.104806 0.035333
 0.058550 0.128023 0.035156 0.778271
 0.824705 0.023547 0.139632 0.012116
 0.104983 0.789703 0.000331 0.104983
 0.917572 0.000331 0.000331 0.081766
 0.012116 0.046764 0.011939 0.929181
 0.685404 0.046764 0.128023 0.139809
 0.000508 0.035156 0.000331 0.964006
 0.267501 0.069981 0.545926 0.116592
 0.046941 0.174457 0.023547 0.755055
 0.627362 0.023547 0.104806 0.244284
 0.197851 0.081589 0.174457 0.546103
 0.325543 0.197674 0.348583 0.128200
 0.232676 0.128023 0.069981 0.569320
 0.801488 0.058373 0.093198 0.046941
 0.244284 0.151240 0.116415 0.488061
 0.580928 0.046764 0.035156 0.337152
 0.290718 0.046764 0.023547 0.638970

MOTIF 27-CAGTGTTGBMAA STREME-27
letter-probability matrix: alength= 4 w= 12 nsites= 100 E= 3.4e+000
 0.093375 0.673619 0.069981 0.163025
 0.871139 0.000331 0.081589 0.046941
 0.012116 0.000331 0.987046 0.000508
 0.012116 0.000331 0.209282 0.778271
 0.000508 0.000331 0.998654 0.000508
 0.046941 0.267324 0.035156 0.650579
 0.000508 0.000331 0.035156 0.964006
 0.000508 0.011939 0.987046 0.000508
 0.093375 0.209282 0.418234 0.279110
 0.371977 0.453059 0.081589 0.093375
 0.894356 0.000331 0.058373 0.046941
 0.998831 0.000331 0.000331 0.000508

MOTIF 28-CACTGTAAA STREME-28
letter-probability matrix: alength= 4 w= 9 nsites= 114 E= 1.4e+001
 0.000548 0.998547 0.000357 0.000548
 0.775238 0.073930 0.141932 0.008900
 0.000548 0.998547 0.000357 0.000548
 0.019849 0.005558 0.000357 0.974236
 0.000548 0.000357 0.998547 0.000548
 0.000548 0.142102 0.200974 0.656376
 0.725973 0.120478 0.146231 0.007319
 0.756381 0.242714 0.000357 0.000548
 0.631206 0.155112 0.042140 0.171542

********************************************************************************
Stopped because 3 consecutive motifs exceeded the p-value threshold (0.05).
********************************************************************************
COMMAND:	streme --p data/chapter4/Dys_Tgo_joint_peaks_filt_repeatmasked.fa --oc data/motif2_concat_audit/streme_order_sweep/Dys_order0 --dna --minw 6 --maxw 20 --thresh 0.05 --order 0 --verbosity 1
********************************************************************************
CPU:		192.168.10.3
********************************************************************************
FINALTIME:	47.75 seconds
********************************************************************************
