********************************************************************************
STREME - Sensitive, Thorough, Rapid, Enriched Motif Elicitation
********************************************************************************
MEME version 5.5.5 (Release date: Thu Sep 14 08:48:04 2023 +1000)

For further information on how to interpret these results please access https://meme-suite.org/meme.
To get a copy of the MEME Suite software please access https://meme-suite.org.

********************************************************************************


********************************************************************************
REFERENCE
********************************************************************************
If you use this program in your research, please cite:

Timothy L. Bailey,
"STREME: accurate and versatile sequence motif discovery",
Bioinformatics, Mar. 24, 2021.
********************************************************************************


ALPHABET= ACGT

strands: + -

Background letter frequencies
A 0.306 C 0.194 G 0.194 T 0.306 

MOTIF 1-AACAGCTG STREME-1
letter-probability matrix: alength= 4 w= 8 nsites= 72 E= 1.2e-001
 0.936882 0.017664 0.017664 0.027791
 0.936882 0.017664 0.017664 0.027791
 0.027791 0.926755 0.017664 0.027791
 0.936882 0.017664 0.017664 0.027791
 0.027791 0.017664 0.926755 0.027791
 0.027791 0.926755 0.017664 0.027791
 0.027791 0.017664 0.017664 0.936882
 0.027791 0.017664 0.926755 0.027791

MOTIF 2-TGAATTTAAAAAHAWA STREME-2
letter-probability matrix: alength= 4 w= 16 nsites= 81 E= 2.1e-001
 0.034933 0.057698 0.000323 0.907046
 0.149685 0.000323 0.711783 0.138210
 0.964422 0.000323 0.000323 0.034933
 0.987372 0.011798 0.000323 0.000508
 0.149685 0.011798 0.069174 0.769344
 0.023458 0.000323 0.011798 0.964422
 0.046408 0.011798 0.080649 0.861145
 0.861145 0.023273 0.092124 0.023458
 0.815245 0.034748 0.000323 0.149685
 0.815245 0.011798 0.000323 0.172635
 0.711968 0.023273 0.034748 0.230011
 0.700493 0.138025 0.023273 0.138210
 0.310337 0.310152 0.046223 0.333287
 0.677543 0.046223 0.069174 0.207061
 0.597216 0.011798 0.011798 0.379188
 0.711968 0.046223 0.115074 0.126734

MOTIF 3-CCAGGGCTGCCARVT STREME-3
letter-probability matrix: alength= 4 w= 15 nsites= 38 E= 2.1e-001
 0.125813 0.654171 0.187531 0.032485
 0.125813 0.871936 0.000875 0.001376
 0.903547 0.000875 0.094203 0.001376
 0.094704 0.000875 0.840827 0.063595
 0.094704 0.125312 0.591952 0.188032
 0.001376 0.000875 0.996374 0.001376
 0.001376 0.996374 0.000875 0.001376
 0.188032 0.031984 0.094203 0.685782
 0.001376 0.031984 0.965264 0.001376
 0.001376 0.965264 0.031984 0.001376
 0.188032 0.623061 0.000875 0.188032
 0.810219 0.000875 0.187531 0.001376
 0.499125 0.156421 0.280859 0.063595
 0.468016 0.249749 0.280859 0.001376
 0.188032 0.249749 0.000875 0.561344

MOTIF 4-CAGGGGCGTAGG STREME-4
letter-probability matrix: alength= 4 w= 12 nsites= 40 E= 4.3e-001
 0.027791 0.926755 0.017664 0.027791
 0.936882 0.017664 0.017664 0.027791
 0.027791 0.017664 0.926755 0.027791
 0.027791 0.017664 0.926755 0.027791
 0.027791 0.017664 0.926755 0.027791
 0.027791 0.017664 0.926755 0.027791
 0.027791 0.926755 0.017664 0.027791
 0.027791 0.017664 0.926755 0.027791
 0.027791 0.017664 0.017664 0.936882
 0.936882 0.017664 0.017664 0.027791
 0.027791 0.017664 0.926755 0.027791
 0.027791 0.017664 0.926755 0.027791

MOTIF 5-ACAACAACAAATA STREME-5
letter-probability matrix: alength= 4 w= 13 nsites= 54 E= 4.3e-001
 0.878343 0.000561 0.040445 0.080651
 0.040767 0.897964 0.040445 0.020824
 0.958112 0.020503 0.020503 0.000882
 0.898285 0.040445 0.020503 0.040767
 0.080651 0.818195 0.040445 0.060709
 0.858401 0.040445 0.060388 0.040767
 0.918228 0.020503 0.040445 0.020824
 0.020824 0.878022 0.020503 0.080651
 0.918228 0.020503 0.000561 0.060709
 0.858401 0.080330 0.040445 0.020824
 0.858401 0.080330 0.020503 0.040767
 0.060709 0.120214 0.100272 0.718805
 0.798574 0.080330 0.040445 0.080651

MOTIF 6-ACACTGAGARAAA STREME-6
letter-probability matrix: alength= 4 w= 13 nsites= 147 E= 4.6e-001
 0.755757 0.000259 0.234365 0.009619
 0.009619 0.962080 0.018682 0.009619
 0.999075 0.000259 0.000259 0.000407
 0.018831 0.962080 0.000259 0.018831
 0.074100 0.037105 0.064740 0.824055
 0.037254 0.037105 0.869964 0.055677
 0.814843 0.064740 0.064740 0.055677
 0.166216 0.037105 0.750214 0.046465
 0.888536 0.055528 0.046317 0.009619
 0.621400 0.009471 0.368722 0.000407
 0.934594 0.018682 0.018682 0.028042
 0.958412 0.004075 0.018682 0.018831
 0.943805 0.000259 0.027894 0.028042

MOTIF 7-GCACAGTGGGMC STREME-7
letter-probability matrix: alength= 4 w= 12 nsites= 78 E= 4.6e-001
 0.017708 0.000477 0.964108 0.017708
 0.017708 0.811488 0.034392 0.136412
 0.981363 0.000477 0.017410 0.000750
 0.024734 0.957082 0.017435 0.000750
 0.930465 0.017435 0.017435 0.034666
 0.000750 0.000477 0.981065 0.017708
 0.000750 0.000477 0.000477 0.998297
 0.000750 0.017435 0.981065 0.000750
 0.024734 0.017435 0.923166 0.034666
 0.102497 0.017435 0.743681 0.136388
 0.255117 0.482296 0.136139 0.126448
 0.136412 0.651874 0.126175 0.085539

MOTIF 8-AGTGTGACCAKMNYDBV STREME-8
letter-probability matrix: alength= 4 w= 17 nsites= 81 E= 4.6e-001
 0.865766 0.000312 0.133431 0.000491
 0.022677 0.089058 0.876681 0.011584
 0.022677 0.011405 0.066872 0.899046
 0.011584 0.033592 0.909961 0.044864
 0.000491 0.000312 0.011405 0.987792
 0.266729 0.000312 0.721375 0.011584
 0.765927 0.000312 0.188898 0.044864
 0.000491 0.943240 0.022498 0.033770
 0.067050 0.787935 0.000312 0.144703
 0.632807 0.033592 0.277644 0.055957
 0.055957 0.177804 0.466230 0.300009
 0.266729 0.388577 0.177804 0.166890
 0.166890 0.199991 0.333110 0.300009
 0.189076 0.410763 0.133431 0.266729
 0.344382 0.133431 0.222177 0.300009
 0.166890 0.344203 0.310924 0.177983
 0.277823 0.299830 0.288737 0.133610

MOTIF 9-AAATAAACWAWGWWA STREME-9
letter-probability matrix: alength= 4 w= 15 nsites= 96 E= 4.6e-001
 0.838895 0.047370 0.009686 0.104049
 0.867158 0.075634 0.000265 0.056943
 0.933106 0.019107 0.047370 0.000417
 0.019259 0.028528 0.047370 0.904843
 0.942527 0.009686 0.000265 0.047522
 0.923685 0.000265 0.019107 0.056943
 0.518577 0.207529 0.169845 0.104049
 0.000417 0.753953 0.019107 0.226523
 0.641052 0.000265 0.028528 0.330155
 0.942527 0.000265 0.028528 0.028680
 0.490314 0.056791 0.094476 0.358419
 0.179418 0.094476 0.556110 0.169997
 0.462051 0.188687 0.085055 0.264208
 0.490314 0.132160 0.085055 0.292471
 0.886000 0.056791 0.009686 0.047522

MOTIF 10-CAACMCTG STREME-10
letter-probability matrix: alength= 4 w= 8 nsites= 114 E= 5.4e-001
 0.001542 0.995937 0.000980 0.001542
 0.996499 0.000980 0.000980 0.001542
 0.765539 0.000980 0.000980 0.232501
 0.001542 0.995937 0.000980 0.001542
 0.464991 0.375072 0.000980 0.158958
 0.001542 0.995937 0.000980 0.001542
 0.001542 0.000980 0.000980 0.996499
 0.001542 0.000980 0.995937 0.001542

MOTIF 11-GAAGGCG STREME-11
letter-probability matrix: alength= 4 w= 7 nsites= 97 E= 7.2e-001
 0.001846 0.001173 0.995134 0.001846
 0.800045 0.001173 0.045516 0.153266
 0.995807 0.001173 0.001173 0.001846
 0.001846 0.114525 0.881783 0.001846
 0.096737 0.001173 0.826864 0.075226
 0.208948 0.749838 0.001173 0.040040
 0.001846 0.056052 0.814167 0.127935

MOTIF 12-ATATATATATTWTTWTWWW STREME-12
letter-probability matrix: alength= 4 w= 19 nsites= 154 E= 7.3e-001
 0.833801 0.000146 0.098517 0.067536
 0.000229 0.000146 0.000146 0.999480
 0.771671 0.067453 0.000146 0.160730
 0.279812 0.000146 0.005323 0.714719
 0.782026 0.062275 0.155470 0.000229
 0.000229 0.093340 0.108872 0.797559
 0.740607 0.000146 0.005323 0.253925
 0.010584 0.233132 0.000146 0.756139
 0.647412 0.098517 0.119227 0.134843
 0.191795 0.000146 0.051920 0.756139
 0.196973 0.046743 0.202067 0.554218
 0.300522 0.124405 0.000146 0.574928
 0.217683 0.005323 0.088162 0.688832
 0.259102 0.067453 0.114050 0.559395
 0.336764 0.129582 0.031210 0.502443
 0.248747 0.088162 0.119227 0.543863
 0.326409 0.005323 0.057098 0.611170
 0.492088 0.041565 0.129582 0.336764
 0.476556 0.057098 0.093340 0.373007

MOTIF 13-AGTGYTGBAAAACGHBBGB STREME-13
letter-probability matrix: alength= 4 w= 19 nsites= 54 E= 8.9e-001
 0.961207 0.037457 0.000519 0.000817
 0.000817 0.000519 0.997847 0.000817
 0.000817 0.000519 0.037457 0.961207
 0.056224 0.000519 0.942440 0.000817
 0.000817 0.646935 0.000519 0.351729
 0.000817 0.000519 0.000519 0.998145
 0.056224 0.037457 0.905502 0.000817
 0.074693 0.406838 0.314493 0.203976
 0.610295 0.166741 0.148271 0.074693
 0.758047 0.092864 0.000519 0.148569
 0.979676 0.018988 0.000519 0.000817
 0.665702 0.055926 0.277555 0.000817
 0.056224 0.702342 0.055926 0.185507
 0.203976 0.074395 0.628466 0.093162
 0.333259 0.388369 0.000519 0.277852
 0.148569 0.314493 0.240617 0.296321
 0.148569 0.296024 0.185210 0.370198
 0.203976 0.129802 0.462245 0.203976
 0.167038 0.351431 0.240617 0.240914

MOTIF 14-RCTATCGATAGY STREME-14
letter-probability matrix: alength= 4 w= 12 nsites= 63 E= 1.6e+000
 0.275415 0.187242 0.517846 0.019498
 0.112856 0.549703 0.131227 0.206214
 0.224886 0.019197 0.000525 0.755393
 0.979453 0.000525 0.000525 0.019498
 0.000826 0.000525 0.000525 0.998124
 0.000826 0.997823 0.000525 0.000826
 0.000826 0.000525 0.997823 0.000826
 0.998124 0.000525 0.000525 0.000826
 0.019498 0.000525 0.000525 0.979453
 0.755393 0.000525 0.019197 0.224886
 0.206214 0.131227 0.549703 0.112856
 0.019498 0.517846 0.187242 0.275415

MOTIF 15-GTACAGTGAABAYTS STREME-15
letter-probability matrix: alength= 4 w= 15 nsites= 35 E= 3.7e+000
 0.053591 0.105601 0.761000 0.079807
 0.001160 0.158033 0.000737 0.840071
 0.997366 0.000737 0.000737 0.001160
 0.027376 0.944512 0.026953 0.001160
 0.997366 0.000737 0.000737 0.001160
 0.001160 0.000737 0.996944 0.001160
 0.001160 0.105601 0.000737 0.892503
 0.106023 0.026953 0.865864 0.001160
 0.735207 0.105601 0.079385 0.079807
 0.682775 0.026953 0.131817 0.158455
 0.106023 0.341545 0.236681 0.315751
 0.813855 0.131817 0.000737 0.053591
 0.184671 0.446409 0.026953 0.341967
 0.106023 0.184249 0.000737 0.708991
 0.184671 0.367761 0.420193 0.027376

********************************************************************************
Stopped because 3 consecutive motifs exceeded the p-value threshold (0.05).
********************************************************************************
COMMAND:	streme --p data/chapter3/Trh_Tgo_joint_peaks_filt_repeatmasked.fa --oc data/motif2_concat_audit/streme_order_sweep/Trh_order3 --dna --minw 6 --maxw 20 --thresh 0.05 --order 3 --verbosity 1
********************************************************************************
CPU:		192.168.10.3
********************************************************************************
FINALTIME:	27.33 seconds
********************************************************************************
