********************************************************************************
STREME - Sensitive, Thorough, Rapid, Enriched Motif Elicitation
********************************************************************************
MEME version 5.5.5 (Release date: Thu Sep 14 08:48:04 2023 +1000)

For further information on how to interpret these results please access https://meme-suite.org/meme.
To get a copy of the MEME Suite software please access https://meme-suite.org.

********************************************************************************


********************************************************************************
REFERENCE
********************************************************************************
If you use this program in your research, please cite:

Timothy L. Bailey,
"STREME: accurate and versatile sequence motif discovery",
Bioinformatics, Mar. 24, 2021.
********************************************************************************


ALPHABET= ACGT

strands: + -

Background letter frequencies
A 0.303 C 0.197 G 0.197 T 0.303 

MOTIF 1-STRCACTGARARAAAWDDND STREME-1
letter-probability matrix: alength= 4 w= 20 nsites= 206 E= 2.5e-006
 0.177178 0.333231 0.416502 0.073089
 0.047067 0.005353 0.041784 0.905796
 0.541487 0.000148 0.458137 0.000228
 0.000228 0.999397 0.000148 0.000228
 0.999476 0.000148 0.000148 0.000228
 0.000228 0.994192 0.005353 0.000228
 0.197995 0.099032 0.067806 0.635167
 0.026250 0.057397 0.895308 0.021045
 0.671598 0.135463 0.135463 0.057476
 0.406172 0.026170 0.562225 0.005432
 0.879774 0.083419 0.036579 0.000228
 0.484239 0.026170 0.489364 0.000228
 0.916205 0.062601 0.020966 0.000228
 0.994272 0.000148 0.000148 0.005432
 0.952636 0.005353 0.000148 0.041863
 0.453012 0.114645 0.020966 0.411377
 0.359332 0.067806 0.218734 0.354128
 0.374946 0.156281 0.281187 0.187587
 0.255244 0.192712 0.281187 0.270857
 0.296879 0.119850 0.286391 0.296879

MOTIF 2-AATAAATTTAAAWAAWWT STREME-2
letter-probability matrix: alength= 4 w= 18 nsites= 173 E= 3.0e-002
 0.977362 0.000157 0.000157 0.022323
 0.756544 0.005678 0.000157 0.237621
 0.000241 0.060882 0.000157 0.938719
 0.613012 0.154730 0.016719 0.215539
 0.883515 0.000157 0.033280 0.083048
 0.922158 0.077444 0.000157 0.000241
 0.099610 0.094005 0.060882 0.745503
 0.215539 0.005678 0.000157 0.778626
 0.116171 0.149210 0.055362 0.679258
 0.690299 0.016719 0.027759 0.265223
 0.773105 0.011198 0.049841 0.165855
 0.916637 0.038800 0.011198 0.033364
 0.248662 0.198894 0.055362 0.497083
 0.739983 0.116087 0.005678 0.138253
 0.613012 0.138169 0.000157 0.248662
 0.452919 0.094005 0.000157 0.452919
 0.414276 0.005678 0.000157 0.579889
 0.259703 0.038800 0.105046 0.596451

MOTIF 3-CACACACACACACWCAS STREME-3
letter-probability matrix: alength= 4 w= 17 nsites= 60 E= 2.4e-001
 0.000808 0.997859 0.000526 0.000808
 0.924264 0.037464 0.037464 0.000808
 0.037746 0.905513 0.055933 0.000808
 0.702635 0.018995 0.129810 0.148561
 0.130091 0.776229 0.092872 0.000808
 0.887326 0.000526 0.000526 0.111622
 0.000808 0.979390 0.018995 0.000808
 0.776511 0.000526 0.185217 0.037746
 0.019277 0.942452 0.018995 0.019277
 0.979671 0.018995 0.000526 0.000808
 0.111622 0.739291 0.000526 0.148561
 0.813449 0.037464 0.148279 0.000808
 0.093153 0.646945 0.129810 0.130091
 0.407128 0.148279 0.166748 0.277845
 0.093153 0.813168 0.074402 0.019277
 0.684165 0.037464 0.277563 0.000808
 0.056215 0.536131 0.314501 0.093153

MOTIF 4-GCARCAACAACAACRWC STREME-4
letter-probability matrix: alength= 4 w= 17 nsites= 98 E= 2.6e-001
 0.129812 0.041975 0.713144 0.115070
 0.000456 0.977953 0.021136 0.000456
 0.686366 0.094072 0.177428 0.042134
 0.275684 0.192170 0.531691 0.000456
 0.000456 0.998792 0.000297 0.000456
 0.807078 0.035877 0.156589 0.000456
 0.650786 0.000297 0.317203 0.031714
 0.010875 0.842500 0.052394 0.094231
 0.738464 0.000297 0.260784 0.000456
 0.592591 0.167008 0.229525 0.010875
 0.198426 0.790402 0.000297 0.010875
 0.750659 0.077555 0.129653 0.042134
 0.557010 0.239945 0.073233 0.129812
 0.094231 0.713144 0.129653 0.062973
 0.448494 0.062814 0.321525 0.167167
 0.421557 0.114911 0.198267 0.265265
 0.042134 0.727885 0.062814 0.167167

MOTIF 5-CCACTGTRC STREME-5
letter-probability matrix: alength= 4 w= 9 nsites= 97 E= 3.2e-001
 0.001552 0.995884 0.001011 0.001552
 0.001552 0.995884 0.001011 0.001552
 0.996426 0.001011 0.001011 0.001552
 0.001552 0.995884 0.001011 0.001552
 0.001552 0.061813 0.001011 0.935623
 0.001552 0.001011 0.995884 0.001552
 0.001552 0.001011 0.001011 0.996426
 0.314562 0.067024 0.616861 0.001552
 0.001552 0.995884 0.001011 0.001552

MOTIF 6-RTBTGGCAACDCYRCN STREME-6
letter-probability matrix: alength= 4 w= 16 nsites= 79 E= 2.5e+000
 0.499636 0.064349 0.435456 0.000560
 0.000560 0.000364 0.320285 0.678791
 0.026153 0.435456 0.256301 0.282090
 0.000560 0.013161 0.000364 0.985915
 0.000560 0.000364 0.998517 0.000560
 0.000560 0.051552 0.921736 0.026153
 0.000560 0.972923 0.000364 0.026153
 0.998712 0.000364 0.000364 0.000560
 0.729978 0.025958 0.243504 0.000560
 0.000560 0.972923 0.000364 0.026153
 0.294886 0.153926 0.345879 0.205309
 0.026153 0.972923 0.000364 0.000560
 0.026153 0.320285 0.089942 0.563620
 0.282090 0.038755 0.550628 0.128528
 0.090137 0.499440 0.179520 0.230902
 0.205309 0.333082 0.230707 0.230902

MOTIF 7-TTCAAATTCAAAT STREME-7
letter-probability matrix: alength= 4 w= 13 nsites= 43 E= 2.5e+000
 0.114255 0.068604 0.023298 0.793843
 0.091602 0.000645 0.000645 0.907108
 0.000990 0.816151 0.159216 0.023643
 0.816496 0.091257 0.091257 0.000990
 0.929761 0.000645 0.068604 0.000990
 0.884455 0.000645 0.000645 0.114255
 0.068949 0.000645 0.023298 0.907108
 0.046296 0.000645 0.204521 0.748537
 0.000990 0.974721 0.000645 0.023643
 0.861802 0.045951 0.023298 0.068949
 0.952414 0.000645 0.045951 0.000990
 0.793843 0.023298 0.000645 0.182214
 0.023643 0.068604 0.000645 0.907108

MOTIF 8-AWCAGCTGTTTGVVMRGC STREME-8
letter-probability matrix: alength= 4 w= 18 nsites= 59 E= 2.5e+000
 0.843481 0.155277 0.000490 0.000752
 0.551106 0.017688 0.034887 0.396319
 0.000752 0.998006 0.000490 0.000752
 0.998268 0.000490 0.000490 0.000752
 0.000752 0.034887 0.963609 0.000752
 0.069546 0.929212 0.000490 0.000752
 0.000752 0.017688 0.000490 0.981070
 0.000752 0.034887 0.963609 0.000752
 0.224333 0.034887 0.000490 0.740290
 0.000752 0.069284 0.017688 0.912276
 0.000752 0.224071 0.206872 0.568304
 0.069546 0.120880 0.585241 0.224333
 0.224333 0.378858 0.310064 0.086745
 0.189936 0.378858 0.292865 0.138340
 0.293128 0.396057 0.189674 0.121142
 0.447915 0.206872 0.258468 0.086745
 0.121142 0.069284 0.688432 0.121142
 0.121142 0.568042 0.138078 0.172738

********************************************************************************
Stopped because 3 consecutive motifs exceeded the p-value threshold (0.05).
********************************************************************************
COMMAND:	streme --p data/chapter4/Dys_Tgo_joint_peaks_filt_repeatmasked.fa --oc data/motif2_concat_audit/streme_order_sweep/Dys_order4 --dna --minw 6 --maxw 20 --thresh 0.05 --order 4 --verbosity 1
********************************************************************************
CPU:		192.168.10.3
********************************************************************************
FINALTIME:	20.44 seconds
********************************************************************************
