********************************************************************************
STREME - Sensitive, Thorough, Rapid, Enriched Motif Elicitation
********************************************************************************
MEME version 5.5.5 (Release date: Thu Sep 14 08:48:04 2023 +1000)

For further information on how to interpret these results please access https://meme-suite.org/meme.
To get a copy of the MEME Suite software please access https://meme-suite.org.

********************************************************************************


********************************************************************************
REFERENCE
********************************************************************************
If you use this program in your research, please cite:

Timothy L. Bailey,
"STREME: accurate and versatile sequence motif discovery",
Bioinformatics, Mar. 24, 2021.
********************************************************************************


ALPHABET= ACGT

strands: + -

Background letter frequencies
A 0.297 C 0.203 G 0.203 T 0.297 

MOTIF 1-AGCAACAACAACV STREME-1
letter-probability matrix: alength= 4 w= 13 nsites= 72 E= 7.5e-002
 0.646713 0.032437 0.320164 0.000685
 0.064625 0.000468 0.934222 0.000685
 0.000685 0.982177 0.000468 0.016670
 0.758607 0.000468 0.240240 0.000685
 0.694667 0.112362 0.192286 0.000685
 0.119214 0.847664 0.000468 0.032655
 0.838531 0.016453 0.144331 0.000685
 0.550804 0.176301 0.272210 0.000685
 0.064625 0.726419 0.000468 0.208488
 0.774592 0.000468 0.224255 0.000685
 0.742622 0.000468 0.256225 0.000685
 0.192503 0.790359 0.016453 0.000685
 0.352352 0.240240 0.406723 0.000685

MOTIF 2-ACATACATATGYATRTATK STREME-2
letter-probability matrix: alength= 4 w= 19 nsites= 52 E= 2.8e-001
 0.683233 0.053011 0.193007 0.070749
 0.000750 0.700495 0.105509 0.193246
 0.875729 0.000512 0.000512 0.123247
 0.000750 0.210507 0.000512 0.788231
 0.805730 0.000512 0.018012 0.175746
 0.000750 0.787993 0.035511 0.175746
 0.875729 0.000512 0.123009 0.000750
 0.175746 0.140509 0.018012 0.665734
 0.770731 0.088010 0.105509 0.035749
 0.175746 0.070510 0.000512 0.753232
 0.088248 0.158008 0.507999 0.245744
 0.088248 0.350503 0.053011 0.508238
 0.700733 0.000512 0.105509 0.193246
 0.123247 0.158008 0.123009 0.595736
 0.368241 0.158008 0.455501 0.018250
 0.140747 0.140509 0.140509 0.578236
 0.560736 0.228006 0.175508 0.035749
 0.000750 0.175508 0.140509 0.683233
 0.158246 0.140509 0.333004 0.368241

MOTIF 3-CTCTCTCTCTCTCYACCG STREME-3
letter-probability matrix: alength= 4 w= 18 nsites= 67 E= 3.3e-001
 0.021221 0.814525 0.061640 0.102614
 0.021221 0.061640 0.183730 0.733410
 0.021221 0.895918 0.041292 0.041569
 0.122962 0.081988 0.041292 0.753758
 0.021221 0.875570 0.000595 0.102614
 0.041569 0.061640 0.081988 0.814803
 0.000872 0.895918 0.020944 0.082265
 0.102614 0.081988 0.102337 0.713061
 0.000872 0.753481 0.041292 0.204355
 0.102614 0.061640 0.061640 0.774106
 0.021221 0.753481 0.061640 0.163658
 0.184007 0.041292 0.081988 0.692713
 0.041569 0.672088 0.204078 0.082265
 0.082265 0.549998 0.061640 0.306096
 0.428186 0.204078 0.183730 0.184007
 0.122962 0.509302 0.163381 0.204355
 0.061917 0.672088 0.122685 0.143310
 0.204355 0.143033 0.488953 0.163658

MOTIF 4-NSTRCACTGARARAAAHDVN STREME-4
letter-probability matrix: alength= 4 w= 20 nsites= 71 E= 3.3e-001
 0.275408 0.202898 0.260748 0.260945
 0.116320 0.275211 0.492149 0.116320
 0.000620 0.043811 0.014886 0.940684
 0.521271 0.000423 0.477686 0.000620
 0.000620 0.998337 0.000423 0.000620
 0.984071 0.000423 0.014886 0.000620
 0.000620 0.983874 0.000423 0.015083
 0.188633 0.087198 0.029348 0.694821
 0.015083 0.116123 0.824786 0.044008
 0.680358 0.072736 0.188436 0.058470
 0.376645 0.029348 0.593386 0.000620
 0.926221 0.029348 0.043811 0.000620
 0.463421 0.000423 0.535536 0.000620
 0.926221 0.029348 0.043811 0.000620
 0.984071 0.000423 0.014886 0.000620
 0.882833 0.000423 0.043811 0.072933
 0.318795 0.217361 0.087198 0.376645
 0.260945 0.072736 0.289673 0.376645
 0.347720 0.304136 0.275211 0.072933
 0.347720 0.202898 0.231823 0.217558

MOTIF 5-CCACTGTRC STREME-5
letter-probability matrix: alength= 4 w= 9 nsites= 47 E= 1.0e+000
 0.001029 0.920285 0.029673 0.049013
 0.001029 0.949256 0.024694 0.025021
 0.949583 0.024694 0.000702 0.025021
 0.001029 0.885003 0.072679 0.041289
 0.001029 0.000702 0.000702 0.997567
 0.025021 0.000702 0.973248 0.001029
 0.003263 0.000702 0.010660 0.985376
 0.606205 0.012698 0.380068 0.001029
 0.049013 0.829295 0.048686 0.073006

MOTIF 6-AACTATCGATAKSYMKG STREME-6
letter-probability matrix: alength= 4 w= 17 nsites= 29 E= 1.9e+000
 0.674206 0.081554 0.135398 0.108843
 0.701128 0.027710 0.243086 0.028076
 0.135765 0.808449 0.054632 0.001154
 0.054998 0.108476 0.000788 0.835738
 0.970348 0.000788 0.000788 0.028076
 0.001154 0.081554 0.000788 0.916504
 0.108843 0.835371 0.054632 0.001154
 0.054998 0.027710 0.916137 0.001154
 0.916504 0.027710 0.027710 0.028076
 0.081920 0.162320 0.027710 0.728050
 0.593440 0.054632 0.108476 0.243453
 0.135765 0.135398 0.404618 0.324219
 0.135765 0.296930 0.458463 0.108843
 0.081920 0.512307 0.054632 0.351141
 0.512673 0.270008 0.000788 0.216531
 0.081920 0.054632 0.566151 0.297297
 0.216531 0.216164 0.539229 0.028076

MOTIF 7-ATTTAAATTTAATTWWTWA STREME-7
letter-probability matrix: alength= 4 w= 19 nsites= 52 E= 1.9e+000
 0.902168 0.000561 0.019739 0.077533
 0.000822 0.173159 0.000561 0.825457
 0.058355 0.000561 0.000561 0.940523
 0.020000 0.000561 0.173159 0.806280
 0.748747 0.000561 0.058094 0.192598
 0.882990 0.019739 0.019739 0.077533
 0.806280 0.038916 0.000561 0.154243
 0.096710 0.077271 0.038916 0.787102
 0.115888 0.153982 0.153982 0.576149
 0.230953 0.096449 0.000561 0.672037
 0.767925 0.153982 0.038916 0.039177
 0.652859 0.038916 0.134804 0.173420
 0.058355 0.058094 0.077271 0.806280
 0.192598 0.096449 0.058094 0.652859
 0.518616 0.019739 0.153982 0.307663
 0.518616 0.019739 0.153982 0.307663
 0.211775 0.019739 0.096449 0.672037
 0.365196 0.077271 0.173159 0.384374
 0.921345 0.038916 0.000561 0.039177

********************************************************************************
Stopped because 3 consecutive motifs exceeded the p-value threshold (0.05).
********************************************************************************
COMMAND:	streme --p data/chapter4/Sima_Tgo_joint_peaks_filt_repeatmasked.fa --oc data/chapter4/Sima_Tgo_joint_peaks_filt_repeatmasked_streme --dna --minw 6 --maxw 20 --thresh 0.05
********************************************************************************
CPU:		192.168.10.3
********************************************************************************
FINALTIME:	6.17 seconds
********************************************************************************
