********************************************************************************
STREME - Sensitive, Thorough, Rapid, Enriched Motif Elicitation
********************************************************************************
MEME version 5.5.5 (Release date: Thu Sep 14 08:48:04 2023 +1000)

For further information on how to interpret these results please access https://meme-suite.org/meme.
To get a copy of the MEME Suite software please access https://meme-suite.org.

********************************************************************************


********************************************************************************
REFERENCE
********************************************************************************
If you use this program in your research, please cite:

Timothy L. Bailey,
"STREME: accurate and versatile sequence motif discovery",
Bioinformatics, Mar. 24, 2021.
********************************************************************************


ALPHABET= ACGT

strands: + -

Background letter frequencies
A 0.298 C 0.202 G 0.202 T 0.298 

MOTIF 1-RSTRCACTGAGARAAAWDN STREME-1
letter-probability matrix: alength= 4 w= 19 nsites= 106 E= 3.9e-002
 0.413971 0.111245 0.333140 0.141645
 0.192075 0.252451 0.484432 0.071042
 0.060956 0.070900 0.000297 0.867847
 0.434143 0.000297 0.544949 0.020611
 0.000439 0.998825 0.000297 0.000439
 0.998967 0.000297 0.000297 0.000439
 0.000439 0.948395 0.050728 0.000439
 0.161817 0.080986 0.080986 0.676210
 0.010525 0.091072 0.827361 0.071042
 0.706469 0.191934 0.091072 0.010525
 0.303023 0.060814 0.625638 0.010525
 0.867847 0.101159 0.030556 0.000439
 0.403884 0.010383 0.524777 0.060956
 0.938450 0.020469 0.030556 0.010525
 0.938450 0.000297 0.020469 0.040783
 0.928364 0.000297 0.050728 0.020611
 0.424057 0.121331 0.020469 0.434143
 0.333281 0.050728 0.282709 0.333281
 0.313109 0.191934 0.282709 0.212248

MOTIF 2-AACAACAACAACRAAAANR STREME-2
letter-probability matrix: alength= 4 w= 19 nsites= 58 E= 1.6e-001
 0.718772 0.020529 0.239889 0.020809
 0.738714 0.120238 0.140180 0.000868
 0.160402 0.638725 0.080355 0.120518
 0.978015 0.020529 0.000588 0.000868
 0.838423 0.000588 0.160122 0.000868
 0.080635 0.778318 0.040471 0.100577
 0.898248 0.060413 0.020529 0.020809
 0.838423 0.000588 0.140180 0.020809
 0.240169 0.718492 0.040471 0.000868
 0.858365 0.000588 0.040471 0.100577
 0.858365 0.080355 0.060413 0.000868
 0.180344 0.558958 0.020529 0.240169
 0.419645 0.180064 0.339598 0.060693
 0.718772 0.080355 0.040471 0.160402
 0.718772 0.120238 0.000588 0.160402
 0.858365 0.000588 0.000588 0.140460
 0.599121 0.140180 0.100297 0.160402
 0.160402 0.259831 0.259831 0.319936
 0.280053 0.100297 0.479191 0.140460

MOTIF 3-AAAAAAAAAATAW STREME-3
letter-probability matrix: alength= 4 w= 13 nsites= 124 E= 1.6e-001
 0.887816 0.046602 0.018871 0.046710
 0.968292 0.000228 0.023415 0.008065
 0.952834 0.007957 0.015686 0.023523
 0.906460 0.015686 0.000228 0.077627
 0.968292 0.031144 0.000228 0.000336
 0.952834 0.031144 0.007957 0.008065
 0.771881 0.000228 0.111620 0.116272
 0.805983 0.031144 0.007957 0.154917
 0.880087 0.000228 0.007957 0.111728
 0.645031 0.085247 0.196639 0.073083
 0.116272 0.255286 0.054331 0.574112
 0.725507 0.062060 0.100705 0.111728
 0.317226 0.069789 0.038873 0.574112

MOTIF 4-AAATAWWTTTAAAWWWAAAT STREME-4
letter-probability matrix: alength= 4 w= 20 nsites= 103 E= 2.0e-001
 0.769312 0.000294 0.050221 0.180172
 0.988992 0.010280 0.000294 0.000434
 0.919094 0.000294 0.000294 0.080318
 0.030391 0.060207 0.000294 0.909108
 0.719385 0.000294 0.170046 0.110274
 0.379881 0.000294 0.010280 0.609545
 0.369895 0.010280 0.070192 0.549633
 0.220114 0.000294 0.050221 0.729371
 0.130245 0.020265 0.010280 0.839210
 0.230099 0.050221 0.200003 0.519677
 0.779298 0.050221 0.040236 0.130245
 0.719385 0.030251 0.000294 0.250070
 0.799269 0.030251 0.010280 0.160201
 0.419822 0.050221 0.020265 0.509691
 0.339939 0.030251 0.070192 0.559618
 0.429808 0.160061 0.050221 0.359910
 0.679443 0.030251 0.000294 0.290012
 0.709400 0.030251 0.040236 0.220114
 0.559618 0.170046 0.060207 0.210128
 0.290012 0.090163 0.020265 0.599560

MOTIF 5-CACACACAAA STREME-5
letter-probability matrix: alength= 4 w= 10 nsites= 85 E= 2.0e-001
 0.013637 0.985404 0.000387 0.000572
 0.722767 0.079234 0.171145 0.026854
 0.039995 0.953630 0.000387 0.005988
 0.788397 0.052951 0.105516 0.053136
 0.039995 0.932764 0.000387 0.026854
 0.735833 0.026669 0.092375 0.145123
 0.000572 0.998469 0.000387 0.000572
 0.867243 0.066092 0.039810 0.026854
 0.610325 0.250067 0.066092 0.073516
 0.820582 0.066092 0.066092 0.047233

MOTIF 6-GAGAGCGCA STREME-6
letter-probability matrix: alength= 4 w= 9 nsites= 46 E= 3.1e-001
 0.078949 0.000764 0.919158 0.001129
 0.945463 0.000764 0.052644 0.001129
 0.001129 0.000764 0.996979 0.001129
 0.997343 0.000764 0.000764 0.001129
 0.001129 0.000764 0.996979 0.001129
 0.286469 0.607878 0.052644 0.053009
 0.001129 0.000764 0.996979 0.001129
 0.001129 0.893218 0.026704 0.078949
 0.556362 0.052644 0.234225 0.156769

MOTIF 7-CAGCRGCGSM STREME-7
letter-probability matrix: alength= 4 w= 10 nsites= 126 E= 4.6e-001
 0.000360 0.982504 0.016777 0.000360
 0.767691 0.016777 0.173840 0.041692
 0.025159 0.033310 0.941172 0.000360
 0.000360 0.974238 0.025043 0.000360
 0.574155 0.000244 0.306104 0.119498
 0.008626 0.000244 0.924639 0.066492
 0.083025 0.808908 0.016777 0.091291
 0.173956 0.058109 0.610512 0.157423
 0.119498 0.380502 0.499640 0.000360
 0.347552 0.544380 0.041576 0.066492

MOTIF 8-AAATTGAAATK STREME-8
letter-probability matrix: alength= 4 w= 11 nsites= 84 E= 3.4e+000
 0.789643 0.104894 0.013449 0.092014
 0.841898 0.039576 0.000385 0.118142
 0.998662 0.000385 0.000385 0.000568
 0.222651 0.000385 0.183277 0.593687
 0.000568 0.149470 0.131022 0.718940
 0.000568 0.026512 0.933291 0.039628
 0.998662 0.000385 0.000385 0.000568
 0.959471 0.000385 0.000385 0.039759
 0.849577 0.000385 0.052640 0.097398
 0.131205 0.013449 0.104894 0.750452
 0.000568 0.039576 0.340041 0.619815

MOTIF 9-GAGCGAGAG STREME-9
letter-probability matrix: alength= 4 w= 9 nsites= 49 E= 5.0e+000
 0.020405 0.000576 0.958614 0.020405
 0.782902 0.020130 0.000576 0.196392
 0.079067 0.020130 0.899952 0.000851
 0.000851 0.880398 0.059238 0.059513
 0.000851 0.000576 0.978168 0.020405
 0.861231 0.059238 0.078680 0.000851
 0.000851 0.039684 0.958614 0.000851
 0.724352 0.020018 0.137455 0.118175
 0.137729 0.000576 0.763073 0.098621

MOTIF 10-MCCACTGTGCNVN STREME-10
letter-probability matrix: alength= 4 w= 13 nsites= 96 E= 6.9e+000
 0.262678 0.454174 0.101159 0.181989
 0.121472 0.736586 0.091072 0.050870
 0.000439 0.978653 0.020469 0.000439
 0.948536 0.010383 0.040642 0.000439
 0.000439 0.998825 0.000297 0.000439
 0.000439 0.010383 0.020469 0.968708
 0.000439 0.091072 0.877792 0.030697
 0.060956 0.171762 0.060814 0.706469
 0.181989 0.151589 0.655896 0.010525
 0.020611 0.897964 0.080986 0.000439
 0.353454 0.222192 0.242365 0.181989
 0.353454 0.373484 0.191934 0.081128
 0.202162 0.373484 0.202020 0.222334

********************************************************************************
Stopped because 3 consecutive motifs exceeded the p-value threshold (0.05).
********************************************************************************
COMMAND:	streme --p data/chapter4/Sim_Tgo_joint_peaks_filt_repeatmasked.fa --oc data/motif2_concat_audit/streme_order_sweep/Sim_order0 --dna --minw 6 --maxw 20 --thresh 0.05 --order 0 --verbosity 1
********************************************************************************
CPU:		192.168.10.3
********************************************************************************
FINALTIME:	6.95 seconds
********************************************************************************
