********************************************************************************
STREME - Sensitive, Thorough, Rapid, Enriched Motif Elicitation
********************************************************************************
MEME version 5.5.5 (Release date: Thu Sep 14 08:48:04 2023 +1000)

For further information on how to interpret these results please access https://meme-suite.org/meme.
To get a copy of the MEME Suite software please access https://meme-suite.org.

********************************************************************************


********************************************************************************
REFERENCE
********************************************************************************
If you use this program in your research, please cite:

Timothy L. Bailey,
"STREME: accurate and versatile sequence motif discovery",
Bioinformatics, Mar. 24, 2021.
********************************************************************************


ALPHABET= ACGT

strands: + -

Background letter frequencies
A 0.303 C 0.197 G 0.197 T 0.303 

MOTIF 1-TRCACTGARARAAAWDD STREME-1
letter-probability matrix: alength= 4 w= 17 nsites= 209 E= 1.4e-007
 0.048068 0.032042 0.037357 0.882533
 0.558314 0.000151 0.441302 0.000232
 0.000232 0.999384 0.000151 0.000232
 0.999465 0.000151 0.000151 0.000232
 0.000232 0.999384 0.000151 0.000232
 0.196890 0.101138 0.063932 0.638040
 0.016178 0.079877 0.887767 0.016178
 0.696506 0.143658 0.106453 0.053383
 0.414808 0.005466 0.574179 0.005547
 0.887848 0.063932 0.047987 0.000232
 0.473273 0.016097 0.510398 0.000232
 0.935684 0.042672 0.016097 0.005547
 0.988835 0.000151 0.005466 0.005547
 0.967574 0.000151 0.005466 0.026808
 0.420123 0.127713 0.026727 0.425438
 0.372287 0.063932 0.239329 0.324451
 0.351027 0.164918 0.287165 0.196890

MOTIF 2-CAGTGTGACCAG STREME-2
letter-probability matrix: alength= 4 w= 12 nsites= 77 E= 5.0e-002
 0.074656 0.791058 0.000421 0.133864
 0.924501 0.000421 0.074431 0.000647
 0.015449 0.036165 0.903333 0.045053
 0.015449 0.015223 0.044827 0.924501
 0.000647 0.000421 0.983482 0.015449
 0.015449 0.000421 0.015223 0.968906
 0.119062 0.059629 0.746653 0.074656
 0.791284 0.030025 0.163242 0.015449
 0.059855 0.903333 0.036165 0.000647
 0.045053 0.939077 0.015223 0.000647
 0.820888 0.000421 0.133638 0.045053
 0.074656 0.074431 0.672644 0.178269

MOTIF 3-CTGGCAACC STREME-3
letter-probability matrix: alength= 4 w= 9 nsites= 85 E= 5.0e-002
 0.006828 0.880085 0.048649 0.064437
 0.040704 0.020474 0.011323 0.927498
 0.040704 0.040400 0.898109 0.020787
 0.048953 0.011323 0.890771 0.048953
 0.020787 0.937942 0.040400 0.000871
 0.861985 0.048649 0.008829 0.080537
 0.955360 0.000567 0.043202 0.000871
 0.014138 0.980592 0.000567 0.004703
 0.047159 0.713196 0.133281 0.106364

MOTIF 4-AAAAAAAAACAAAACAAAW STREME-4
letter-probability matrix: alength= 4 w= 19 nsites= 214 E= 5.7e-002
 0.948404 0.051261 0.000132 0.000203
 0.911219 0.000132 0.065205 0.023443
 0.692761 0.093093 0.107037 0.107108
 0.604449 0.288311 0.055909 0.051332
 0.818258 0.139574 0.037317 0.004851
 0.874035 0.083797 0.000132 0.042036
 0.850795 0.037317 0.018725 0.093164
 0.911219 0.000132 0.088445 0.000203
 0.711354 0.018725 0.125629 0.144293
 0.037388 0.609026 0.186054 0.167533
 0.716002 0.060557 0.125629 0.097812
 0.892627 0.023373 0.032669 0.051332
 0.674169 0.074501 0.130278 0.121052
 0.576560 0.032669 0.176758 0.214013
 0.218661 0.557897 0.083797 0.139644
 0.729946 0.130278 0.088445 0.051332
 0.688113 0.093093 0.051261 0.167533
 0.581208 0.060557 0.107037 0.251197
 0.502192 0.111685 0.051261 0.334862

MOTIF 5-CAGCCCTG STREME-5
letter-probability matrix: alength= 4 w= 8 nsites= 53 E= 1.4e-001
 0.027527 0.927018 0.017927 0.027527
 0.936618 0.017927 0.017927 0.027527
 0.027527 0.017927 0.927018 0.027527
 0.027527 0.927018 0.017927 0.027527
 0.027527 0.927018 0.017927 0.027527
 0.027527 0.927018 0.017927 0.027527
 0.027527 0.017927 0.017927 0.936618
 0.027527 0.017927 0.927018 0.027527

MOTIF 6-CCACTGTRC STREME-6
letter-probability matrix: alength= 4 w= 9 nsites= 142 E= 1.7e-001
 0.002846 0.843817 0.021354 0.131982
 0.000704 0.970023 0.000542 0.028731
 0.972843 0.021508 0.000786 0.004862
 0.000464 0.992286 0.005198 0.002052
 0.000464 0.001288 0.000302 0.997947
 0.004862 0.032112 0.962443 0.000583
 0.004387 0.000302 0.000302 0.995009
 0.554260 0.063921 0.362551 0.019268
 0.067861 0.868475 0.040973 0.022691

MOTIF 7-CBCTCTCKCTCTCKCTCTC STREME-7
letter-probability matrix: alength= 4 w= 19 nsites= 71 E= 2.1e-001
 0.000704 0.998135 0.000458 0.000704
 0.081161 0.274015 0.418839 0.225985
 0.097253 0.595846 0.113099 0.193802
 0.000704 0.129191 0.080916 0.789190
 0.032887 0.965951 0.000458 0.000704
 0.000704 0.177465 0.016550 0.805281
 0.000704 0.998135 0.000458 0.000704
 0.016795 0.225740 0.290106 0.467359
 0.048978 0.821127 0.000458 0.129436
 0.225985 0.032641 0.080916 0.660457
 0.000704 0.917677 0.000458 0.081161
 0.113344 0.193557 0.225740 0.467359
 0.032887 0.756761 0.097008 0.113344
 0.081161 0.097008 0.354472 0.467359
 0.000704 0.998135 0.000458 0.000704
 0.065070 0.113099 0.097008 0.724824
 0.032887 0.837219 0.000458 0.129436
 0.129436 0.209648 0.145282 0.515633
 0.016795 0.595846 0.193557 0.193802

MOTIF 8-CAGGGGCGTAGKCV STREME-8
letter-probability matrix: alength= 4 w= 14 nsites= 72 E= 2.1e-001
 0.016022 0.952169 0.000437 0.031372
 0.983104 0.000437 0.015788 0.000671
 0.046723 0.000437 0.737262 0.215578
 0.016022 0.000437 0.798664 0.184877
 0.092774 0.015788 0.798664 0.092774
 0.062073 0.000437 0.936818 0.000671
 0.000671 0.982870 0.000437 0.016022
 0.016022 0.000437 0.936818 0.046723
 0.046723 0.046489 0.138592 0.768197
 0.798898 0.000437 0.169293 0.031372
 0.046723 0.092540 0.675860 0.184877
 0.108125 0.169293 0.246045 0.476537
 0.200228 0.445602 0.169293 0.184877
 0.384434 0.230695 0.368849 0.016022

MOTIF 9-ATATAAATATATATWWAAWT STREME-9
letter-probability matrix: alength= 4 w= 20 nsites= 222 E= 2.2e-001
 0.876767 0.000121 0.021294 0.101818
 0.135695 0.101753 0.067876 0.694675
 0.902176 0.025529 0.004355 0.067940
 0.004420 0.000121 0.101753 0.893706
 0.944523 0.012825 0.021294 0.021359
 0.711614 0.148335 0.072110 0.067940
 0.830186 0.021294 0.042468 0.106053
 0.101818 0.089049 0.021294 0.787839
 0.838655 0.033998 0.008590 0.118757
 0.199216 0.139866 0.046702 0.614216
 0.758196 0.055172 0.122927 0.063706
 0.194981 0.114457 0.033998 0.656563
 0.669267 0.008590 0.038233 0.283910
 0.152634 0.105988 0.118692 0.622686
 0.550696 0.089049 0.076345 0.283910
 0.516818 0.110223 0.097519 0.275440
 0.690441 0.046702 0.067876 0.194981
 0.622686 0.021294 0.101753 0.254267
 0.364369 0.017059 0.063641 0.554930
 0.237328 0.152570 0.110223 0.499879

MOTIF 10-ATCTAATCAAT STREME-10
letter-probability matrix: alength= 4 w= 11 nsites= 75 E= 2.6e-001
 0.936618 0.017927 0.017927 0.027527
 0.027527 0.017927 0.017927 0.936618
 0.027527 0.927018 0.017927 0.027527
 0.027527 0.017927 0.017927 0.936618
 0.936618 0.017927 0.017927 0.027527
 0.936618 0.017927 0.017927 0.027527
 0.027527 0.017927 0.017927 0.936618
 0.027527 0.927018 0.017927 0.027527
 0.936618 0.017927 0.017927 0.027527
 0.936618 0.017927 0.017927 0.027527
 0.027527 0.017927 0.017927 0.936618

MOTIF 11-GTTATCGATA STREME-11
letter-probability matrix: alength= 4 w= 10 nsites= 50 E= 4.4e-001
 0.001055 0.000687 0.997202 0.001055
 0.121741 0.193785 0.024825 0.659649
 0.081490 0.048962 0.000687 0.868861
 0.997570 0.000687 0.000687 0.001055
 0.001055 0.000687 0.000687 0.997570
 0.001055 0.997202 0.000687 0.001055
 0.001055 0.024825 0.973065 0.001055
 0.987558 0.000687 0.000687 0.011068
 0.001055 0.000687 0.000687 0.997570
 0.901021 0.000687 0.097236 0.001055

MOTIF 12-CACRCACACACACACACACD STREME-12
letter-probability matrix: alength= 4 w= 20 nsites= 83 E= 4.8e-001
 0.126729 0.860967 0.000327 0.011977
 0.746390 0.034752 0.092128 0.126729
 0.023452 0.860967 0.046228 0.069353
 0.298857 0.034752 0.447860 0.218531
 0.034927 0.906868 0.034752 0.023452
 0.838192 0.023277 0.069178 0.069353
 0.000502 0.998670 0.000327 0.000502
 0.907043 0.034752 0.046228 0.011977
 0.000502 0.964244 0.034752 0.000502
 0.689014 0.069178 0.011802 0.230006
 0.138204 0.574087 0.115079 0.172630
 0.562787 0.080653 0.241306 0.115254
 0.092303 0.780641 0.092128 0.034927
 0.574262 0.126554 0.218356 0.080828
 0.195580 0.734740 0.023277 0.046403
 0.815241 0.023277 0.149504 0.011977
 0.138204 0.665889 0.149504 0.046403
 0.574262 0.160980 0.160980 0.103779
 0.023452 0.562612 0.183930 0.230006
 0.321808 0.069178 0.310157 0.298857

MOTIF 13-ATATTTAAAWTKATTTWATA STREME-13
letter-probability matrix: alength= 4 w= 20 nsites= 109 E= 8.8e-001
 0.832662 0.000249 0.035293 0.131796
 0.000383 0.026532 0.061575 0.911510
 0.972835 0.009010 0.017771 0.000383
 0.140556 0.009010 0.052814 0.797619
 0.000383 0.000249 0.166705 0.832662
 0.000383 0.175466 0.044054 0.780097
 0.657446 0.122901 0.009010 0.210643
 0.937792 0.009010 0.000249 0.052948
 0.745054 0.035293 0.087858 0.131796
 0.403381 0.026532 0.000249 0.569837
 0.087991 0.044054 0.052814 0.815140
 0.123035 0.061575 0.298118 0.517272
 0.543555 0.245553 0.140423 0.070470
 0.271969 0.052814 0.070336 0.604881
 0.149317 0.000249 0.000249 0.850184
 0.228165 0.026532 0.079097 0.666206
 0.429664 0.017771 0.114140 0.438425
 0.587359 0.035293 0.096619 0.280730
 0.245686 0.061575 0.026532 0.666206
 0.666206 0.052814 0.035293 0.245686

MOTIF 14-RGCRGCGRCKNCGGCAGCGS STREME-14
letter-probability matrix: alength= 4 w= 20 nsites= 108 E= 8.8e-001
 0.495777 0.056163 0.359812 0.088248
 0.176146 0.160043 0.583554 0.080257
 0.000349 0.999074 0.000228 0.000349
 0.495777 0.024200 0.287895 0.192128
 0.016331 0.064154 0.743369 0.176146
 0.200119 0.799304 0.000228 0.000349
 0.128202 0.104108 0.767341 0.000349
 0.495777 0.184015 0.279904 0.040303
 0.200119 0.759351 0.000228 0.040303
 0.168156 0.024200 0.527618 0.280026
 0.208109 0.287895 0.271914 0.232082
 0.056285 0.687434 0.128080 0.128202
 0.224091 0.056163 0.703415 0.016331
 0.296008 0.016209 0.687434 0.000349
 0.064276 0.719397 0.168034 0.048294
 0.535731 0.136071 0.152052 0.176146
 0.176146 0.080135 0.511637 0.232082
 0.256054 0.623508 0.064154 0.056285
 0.160165 0.176024 0.455701 0.208109
 0.144183 0.447711 0.383784 0.024322

MOTIF 15-ACAGCTGT STREME-15
letter-probability matrix: alength= 4 w= 8 nsites= 110 E= 1.9e+000
 0.765683 0.000808 0.000808 0.232702
 0.001240 0.984329 0.000808 0.013623
 0.996467 0.000808 0.001485 0.001240
 0.001240 0.023833 0.955581 0.019346
 0.019346 0.955581 0.023833 0.001240
 0.001240 0.001485 0.000808 0.996467
 0.013623 0.000808 0.984329 0.001240
 0.232702 0.000808 0.000808 0.765683

********************************************************************************
Stopped because 3 consecutive motifs exceeded the p-value threshold (0.05).
********************************************************************************
COMMAND:	streme --p data/chapter4/Dys_Tgo_joint_peaks_filt_repeatmasked.fa --oc data/motif2_concat_audit/streme_order_sweep/Dys_order3 --dna --minw 6 --maxw 20 --thresh 0.05 --order 3 --verbosity 1
********************************************************************************
CPU:		192.168.10.3
********************************************************************************
FINALTIME:	38.83 seconds
********************************************************************************
